<?xml version="1.0" encoding="utf-8"?>
<COLLADA xmlns="http://www.collada.org/2005/11/COLLADASchema" version="1.4.1">
  <asset>
    <contributor>
      <author>Mixamo</author>
      <authoring_tool>COLLADA Mixamo exporter</authoring_tool>
      <comments/>
    </contributor>
    <created>2021-12-07T07:44:02Z</created>
    <modified>2021-12-07T07:44:02Z</modified>
    <revision/>
    <title/>
    <unit meter="0.010000"/>
    <up_axis>Y_UP</up_axis>
  </asset>
  <library_animations>
    <animation id="Hips-anim" name="Hips">
      <source id="Hips-Matrix-animation-input">
        <float_array id="Hips-Matrix-animation-input-array" count="401">

0.000000 0.033333 0.066667 0.100000 0.133333 0.166667 0.200000 0.233333 0.266667 0.300000 0.333333 0.366667 0.400000 0.433333 0.466667 0.500000
0.533333 0.566667 0.600000 0.633333 0.666667 0.700000 0.733333 0.766667 0.800000 0.833333 0.866667 0.900000 0.933333 0.966667 1.000000 1.033333
1.066667 1.100000 1.133333 1.166667 1.200000 1.233333 1.266667 1.300000 1.333333 1.366667 1.400000 1.433333 1.466667 1.500000 1.533333 1.566667
1.600000 1.633333 1.666667 1.700000 1.733333 1.766667 1.800000 1.833333 1.866667 1.900000 1.933333 1.966667 2.000000 2.033333 2.066667 2.100000
2.133333 2.166667 2.200000 2.233333 2.266667 2.300000 2.333333 2.366667 2.400000 2.433333 2.466667 2.500000 2.533333 2.566667 2.600000 2.633333
2.666667 2.700000 2.733333 2.766667 2.800000 2.833333 2.866667 2.900000 2.933333 2.966667 3.000000 3.033333 3.066667 3.100000 3.133333 3.166667
3.200000 3.233333 3.266667 3.300000 3.333333 3.366667 3.400000 3.433333 3.466667 3.500000 3.533333 3.566667 3.600000 3.633333 3.666667 3.700000
3.733333 3.766667 3.800000 3.833333 3.866667 3.900000 3.933333 3.966667 4.000000 4.033333 4.066667 4.100000 4.133333 4.166667 4.200000 4.233333
4.266667 4.300000 4.333333 4.366667 4.400000 4.433333 4.466667 4.500000 4.533333 4.566667 4.600000 4.633333 4.666667 4.700000 4.733333 4.766667
4.800000 4.833333 4.866667 4.900000 4.933333 4.966667 5.000000 5.033333 5.066667 5.100000 5.133333 5.166667 5.200000 5.233333 5.266667 5.300000
5.333333 5.366667 5.400000 5.433333 5.466667 5.500000 5.533333 5.566667 5.600000 5.633333 5.666667 5.700000 5.733333 5.766667 5.800000 5.833333
5.866667 5.900000 5.933333 5.966667 6.000000 6.033333 6.066667 6.100000 6.133333 6.166667 6.200000 6.233333 6.266667 6.300000 6.333333 6.366667
6.400000 6.433333 6.466667 6.500000 6.533333 6.566667 6.600000 6.633333 6.666667 6.700000 6.733333 6.766667 6.800000 6.833333 6.866667 6.900000
6.933333 6.966667 7.000000 7.033333 7.066667 7.100000 7.133333 7.166667 7.200000 7.233333 7.266667 7.300000 7.333333 7.366667 7.400000 7.433333
7.466667 7.500000 7.533333 7.566667 7.600000 7.633333 7.666667 7.700000 7.733333 7.766667 7.800000 7.833333 7.866667 7.900000 7.933333 7.966667
8.000000 8.033333 8.066667 8.100000 8.133333 8.166667 8.200000 8.233333 8.266667 8.300000 8.333333 8.366667 8.400000 8.433333 8.466667 8.500000
8.533333 8.566667 8.600000 8.633333 8.666667 8.700000 8.733333 8.766667 8.800000 8.833333 8.866667 8.900000 8.933333 8.966667 9.000000 9.033333
9.066667 9.100000 9.133333 9.166667 9.200000 9.233333 9.266667 9.300000 9.333333 9.366667 9.400000 9.433333 9.466667 9.500000 9.533333 9.566667
9.600000 9.633333 9.666667 9.700000 9.733333 9.766667 9.800000 9.833333 9.866667 9.900000 9.933333 9.966667 10.000000 10.033333 10.066667 10.100000
10.133333 10.166667 10.200000 10.233333 10.266667 10.300000 10.333333 10.366667 10.400000 10.433333 10.466667 10.500000 10.533333 10.566667 10.600000 10.633333
10.666667 10.700000 10.733333 10.766667 10.800000 10.833333 10.866667 10.900000 10.933333 10.966667 11.000000 11.033333 11.066667 11.100000 11.133333 11.166667
11.200000 11.233333 11.266667 11.300000 11.333333 11.366667 11.400000 11.433333 11.466667 11.500000 11.533333 11.566667 11.600000 11.633333 11.666667 11.700000
11.733333 11.766667 11.800000 11.833333 11.866667 11.900000 11.933333 11.966667 12.000000 12.033333 12.066667 12.100000 12.133333 12.166667 12.200000 12.233333
12.266667 12.300000 12.333333 12.366667 12.400000 12.433333 12.466667 12.500000 12.533333 12.566667 12.600000 12.633333 12.666667 12.700000 12.733333 12.766667
12.800000 12.833333 12.866667 12.900000 12.933333 12.966667 13.000000 13.033333 13.066667 13.100000 13.133333 13.166667 13.200000 13.233333 13.266667 13.300000
13.333333</float_array>
        <technique_common>
          <accessor source="#Hips-Matrix-animation-input-array" count="401">
            <param name="TIME" type="float"/>
          </accessor>
        </technique_common>
      </source>
      <source id="Hips-Matrix-animation-output-transform">
        <float_array id="Hips-Matrix-animation-output-transform-array" count="6416">

0.993679 0.065835 -0.090928 -0.085138 -0.060029 0.996066 0.065183 80.174675 0.094861 -0.059313 0.993722 0.905738 0.000000 0.000000 0.000000 1.000000
0.993911 0.064060 -0.089654 -0.019312 -0.058468 0.996257 0.063659 80.163231 0.093397 -0.058030 0.993936 0.888148 0.000000 0.000000 0.000000 1.000000
0.994143 0.062218 -0.088364 0.049318 -0.056839 0.996448 0.062138 80.152283 0.091916 -0.056752 0.994148 0.874147 0.000000 0.000000 0.000000 1.000000
0.994369 0.060289 -0.087148 0.121393 -0.055104 0.996632 0.060724 80.140602 0.090515 -0.055580 0.994343 0.866070 0.000000 0.000000 0.000000 1.000000
0.994580 0.058294 -0.086096 0.197245 -0.053259 0.996797 0.059664 80.128181 0.089298 -0.054755 0.994499 0.863621 0.000000 0.000000 0.000000 1.000000
0.994754 0.056297 -0.085408 0.276959 -0.051340 0.996927 0.059170 80.116302 0.088476 -0.054475 0.994588 0.863945 0.000000 0.000000 0.000000 1.000000
0.994868 0.054269 -0.085396 0.359784 -0.049302 0.997025 0.059244 80.106499 0.088357 -0.054730 0.994584 0.864851 0.000000 0.000000 0.000000 1.000000
0.994933 0.052015 -0.086039 0.443164 -0.046964 0.997110 0.059718 80.098694 0.088897 -0.055375 0.994500 0.866208 0.000000 0.000000 0.000000 1.000000
0.995016 0.049356 -0.086643 0.523685 -0.044214 0.997200 0.060303 80.091354 0.089377 -0.056172 0.994413 0.867426 0.000000 0.000000 0.000000 1.000000
0.995195 0.046285 -0.086286 0.599618 -0.041127 0.997313 0.060632 80.082634 0.088860 -0.056792 0.994424 0.865664 0.000000 0.000000 0.000000 1.000000
0.995496 0.042927 -0.084529 0.671924 -0.037871 0.997448 0.060531 80.072052 0.086912 -0.057057 0.994581 0.856895 0.000000 0.000000 0.000000 1.000000
0.995887 0.039469 -0.081552 0.742713 -0.034614 0.997591 0.060109 80.060814 0.083728 -0.057039 0.994855 0.837832 0.000000 0.000000 0.000000 1.000000
0.996316 0.036016 -0.077830 0.813593 -0.031431 0.997742 0.059350 80.050461 0.079792 -0.056685 0.995199 0.807255 0.000000 0.000000 0.000000 1.000000
0.996743 0.032438 -0.073830 0.886300 -0.028176 0.997916 0.058057 80.040001 0.075559 -0.055788 0.995580 0.766275 0.000000 0.000000 0.000000 1.000000
0.997155 0.028520 -0.069782 0.963050 -0.024602 0.998107 0.056374 80.027420 0.071257 -0.054497 0.995968 0.717736 0.000000 0.000000 0.000000 1.000000
0.997552 0.024291 -0.065580 1.044957 -0.020709 0.998285 0.054761 80.014999 0.066798 -0.053269 0.996344 0.664989 0.000000 0.000000 0.000000 1.000000
0.997937 0.019973 -0.061023 1.130400 -0.016719 0.998435 0.053374 80.004608 0.061993 -0.052243 0.996708 0.610565 0.000000 0.000000 0.000000 1.000000
0.998307 0.015862 -0.055955 1.216163 -0.012953 0.998565 0.051968 79.997261 0.056699 -0.051155 0.997080 0.555073 0.000000 0.000000 0.000000 1.000000
0.998680 0.012043 -0.049937 1.299037 -0.009521 0.998681 0.050453 79.993233 0.050479 -0.049911 0.997477 0.499822 0.000000 0.000000 0.000000 1.000000
0.999083 0.008281 -0.041998 1.377451 -0.006207 0.998767 0.049255 79.993027 0.042354 -0.048950 0.997903 0.452860 0.000000 0.000000 0.000000 1.000000
0.999496 0.004315 -0.031436 1.450565 -0.002773 0.998799 0.048918 79.996719 0.031610 -0.048806 0.998308 0.423452 0.000000 0.000000 0.000000 1.000000
0.999818 0.000439 -0.019077 1.516022 0.000501 0.998787 0.049228 80.002182 0.019075 -0.049228 0.998605 0.403584 0.000000 0.000000 0.000000 1.000000
0.999975 -0.002726 -0.006528 1.572730 0.003045 0.998777 0.049355 80.007713 0.006385 -0.049373 0.998760 0.371808 0.000000 0.000000 0.000000 1.000000
0.999970 -0.005329 0.005603 1.625496 0.005047 0.998778 0.049160 80.012688 -0.005858 -0.049130 0.998775 0.324912 0.000000 0.000000 0.000000 1.000000
0.999814 -0.008196 0.017432 1.681598 0.007331 0.998768 0.049079 80.011497 -0.017813 -0.048942 0.998643 0.278012 0.000000 0.000000 0.000000 1.000000
0.999518 -0.011783 0.028739 1.743474 0.010366 0.998747 0.048967 79.999146 -0.029280 -0.048646 0.998387 0.240770 0.000000 0.000000 0.000000 1.000000
0.999126 -0.015700 0.038748 1.810607 0.013828 0.998745 0.048128 79.977112 -0.039455 -0.047550 0.998089 0.213198 0.000000 0.000000 0.000000 1.000000
0.998730 -0.019259 0.046554 1.886513 0.017110 0.998789 0.046136 79.954819 -0.047386 -0.045280 0.997850 0.194681 0.000000 0.000000 0.000000 1.000000
0.998424 -0.022258 0.051526 1.978822 0.020042 0.998868 0.043134 79.938011 -0.052428 -0.042034 0.997740 0.185865 0.000000 0.000000 0.000000 1.000000
0.998258 -0.024824 0.053524 2.093511 0.022712 0.998954 0.039697 79.923935 -0.054454 -0.038412 0.997777 0.186186 0.000000 0.000000 0.000000 1.000000
0.998239 -0.026863 0.052885 2.230175 0.024948 0.999021 0.036541 79.909157 -0.053815 -0.035158 0.997932 0.194508 0.000000 0.000000 0.000000 1.000000
0.998333 -0.028140 0.050395 2.383614 0.026443 0.999071 0.034041 79.895561 -0.051307 -0.032652 0.998149 0.210891 0.000000 0.000000 0.000000 1.000000
0.998465 -0.028791 0.047306 2.547928 0.027293 0.999115 0.032010 79.885406 -0.048186 -0.030670 0.998367 0.236746 0.000000 0.000000 0.000000 1.000000
0.998556 -0.029308 0.045024 2.717043 0.027973 0.999158 0.030005 79.877861 -0.045866 -0.028702 0.998535 0.272764 0.000000 0.000000 0.000000 1.000000
0.998563 -0.029947 0.044433 2.884815 0.028728 0.999200 0.027807 79.870705 -0.045231 -0.026491 0.998625 0.317406 0.000000 0.000000 0.000000 1.000000
0.998501 -0.030579 0.045397 3.048089 0.029443 0.999241 0.025499 79.863541 -0.046143 -0.024124 0.998644 0.368033 0.000000 0.000000 0.000000 1.000000
0.998407 -0.031104 0.047077 3.209121 0.030040 0.999281 0.023148 79.856461 -0.047763 -0.021697 0.998623 0.424200 0.000000 0.000000 0.000000 1.000000
0.998311 -0.031612 0.048743 3.372696 0.030634 0.999317 0.020678 79.848938 -0.049363 -0.019149 0.998597 0.488199 0.000000 0.000000 0.000000 1.000000
0.998223 -0.032233 0.050120 3.541762 0.031355 0.999343 0.018204 79.840744 -0.050673 -0.016601 0.998577 0.561235 0.000000 0.000000 0.000000 1.000000
0.998138 -0.033073 0.051245 3.717946 0.032279 0.999347 0.016240 79.831993 -0.051749 -0.014556 0.998554 0.642730 0.000000 0.000000 0.000000 1.000000
0.998048 -0.034121 0.052309 3.903012 0.033363 0.999326 0.015310 79.822685 -0.052796 -0.013535 0.998514 0.731544 0.000000 0.000000 0.000000 1.000000
0.997950 -0.035101 0.053519 4.097999 0.034307 0.999288 0.015678 79.813347 -0.054031 -0.013809 0.998444 0.825272 0.000000 0.000000 0.000000 1.000000
0.997855 -0.035671 0.054890 4.302926 0.034761 0.999243 0.017452 79.806290 -0.055471 -0.015506 0.998340 0.920089 0.000000 0.000000 0.000000 1.000000
0.997782 -0.035792 0.056128 4.517397 0.034685 0.999187 0.020573 79.803635 -0.056818 -0.018581 0.998212 1.011453 0.000000 0.000000 0.000000 1.000000
0.997752 -0.035666 0.056732 4.740963 0.034318 0.999109 0.024563 79.804794 -0.057558 -0.022560 0.998087 1.094388 0.000000 0.000000 0.000000 1.000000
0.997798 -0.035424 0.056078 4.974066 0.033872 0.999023 0.028401 79.806396 -0.057030 -0.026439 0.998022 1.164592 0.000000 0.000000 0.000000 1.000000
0.997955 -0.035057 0.053448 5.218331 0.033429 0.998959 0.031054 79.805374 -0.054481 -0.029204 0.998088 1.219421 0.000000 0.000000 0.000000 1.000000
0.998238 -0.034523 0.048260 5.476052 0.032994 0.998939 0.032139 79.801971 -0.049318 -0.030490 0.998318 1.257450 0.000000 0.000000 0.000000 1.000000
0.998616 -0.033800 0.040294 5.750062 0.032525 0.998962 0.031890 79.798759 -0.041330 -0.030535 0.998679 1.280254 0.000000 0.000000 0.000000 1.000000
0.999017 -0.032942 0.029672 6.043816 0.032033 0.999018 0.030618 79.794296 -0.030651 -0.029638 0.999091 1.293870 0.000000 0.000000 0.000000 1.000000
0.999345 -0.032052 0.016817 6.360532 0.031562 0.999093 0.028583 79.783234 -0.017718 -0.028034 0.999450 1.305272 0.000000 0.000000 0.000000 1.000000
0.999512 -0.031161 0.002333 6.700130 0.031089 0.999171 0.026279 79.760918 -0.003150 -0.026194 0.999652 1.317931 0.000000 0.000000 0.000000 1.000000
0.999457 -0.030251 -0.013078 7.060581 0.030563 0.999237 0.024331 79.732117 0.012332 -0.024718 0.999618 1.332113 0.000000 0.000000 0.000000 1.000000
0.999155 -0.029610 -0.028491 7.442549 0.030267 0.999279 0.022913 79.703705 0.027792 -0.023756 0.999331 1.346929 0.000000 0.000000 0.000000 1.000000
0.998634 -0.029808 -0.042910 7.847197 0.030755 0.999294 0.021586 79.667763 0.042237 -0.022876 0.998846 1.358328 0.000000 0.000000 0.000000 1.000000
0.997976 -0.030384 -0.055861 8.276057 0.031534 0.999306 0.019829 79.626556 0.055220 -0.021550 0.998242 1.359577 0.000000 0.000000 0.000000 1.000000
0.997219 -0.030861 -0.067844 8.725447 0.032128 0.999328 0.017664 79.583160 0.067253 -0.019794 0.997540 1.343776 0.000000 0.000000 0.000000 1.000000
0.996292 -0.031673 -0.079995 9.193707 0.033027 0.999332 0.015662 79.538963 0.079446 -0.018246 0.996672 1.310118 0.000000 0.000000 0.000000 1.000000
0.995077 -0.033804 -0.093161 9.682763 0.035276 0.999277 0.014206 79.485031 0.092613 -0.017423 0.995550 1.261151 0.000000 0.000000 0.000000 1.000000
0.993506 -0.037266 -0.107502 10.192565 0.038906 0.999156 0.013193 79.405037 0.106920 -0.017290 0.994117 1.195439 0.000000 0.000000 0.000000 1.000000
0.991586 -0.040867 -0.122826 10.716544 0.042736 0.999007 0.012618 79.295082 0.122188 -0.017761 0.992348 1.110700 0.000000 0.000000 0.000000 1.000000
0.989353 -0.044045 -0.138713 11.233623 0.046276 0.998845 0.012902 79.155464 0.137984 -0.019184 0.990249 1.015656 0.000000 0.000000 0.000000 1.000000
0.986923 -0.047146 -0.154147 11.715537 0.049943 0.998649 0.014320 78.987938 0.153263 -0.021831 0.987944 0.931343 0.000000 0.000000 0.000000 1.000000
0.984595 -0.050042 -0.167537 12.142869 0.053540 0.998431 0.016425 78.800171 0.166452 -0.025142 0.985729 0.874728 0.000000 0.000000 0.000000 1.000000
0.982774 -0.052131 -0.177304 12.507861 0.056242 0.998251 0.018233 78.612602 0.176043 -0.027890 0.983987 0.847185 0.000000 0.000000 0.000000 1.000000
0.981749 -0.053168 -0.182599 12.809352 0.057579 0.998161 0.018934 78.458672 0.181257 -0.029102 0.983005 0.844245 0.000000 0.000000 0.000000 1.000000
0.981453 -0.053227 -0.184168 13.048481 0.057584 0.998171 0.018389 78.371925 0.182852 -0.028653 0.982723 0.865620 0.000000 0.000000 0.000000 1.000000
0.981437 -0.051953 -0.184613 13.229977 0.056007 0.998289 0.016809 78.368561 0.183424 -0.026837 0.982667 0.909060 0.000000 0.000000 0.000000 1.000000
0.981151 -0.049313 -0.186847 13.361257 0.052900 0.998498 0.014258 78.426956 0.185863 -0.023873 0.982286 0.961077 0.000000 0.000000 0.000000 1.000000
0.980422 -0.046229 -0.191405 13.450380 0.049210 0.998729 0.010851 78.504768 0.190661 -0.020058 0.981451 1.000981 0.000000 0.000000 0.000000 1.000000
0.979723 -0.044156 -0.195432 13.495494 0.046465 0.998894 0.007245 78.557358 0.194896 -0.016179 0.980691 1.012949 0.000000 0.000000 0.000000 1.000000
0.979787 -0.043752 -0.195198 13.486185 0.045538 0.998952 0.004666 78.553841 0.194789 -0.013461 0.980753 0.997567 0.000000 0.000000 0.000000 1.000000
0.980847 -0.044462 -0.189639 13.416025 0.046098 0.998928 0.004225 78.491043 0.189247 -0.012886 0.981845 0.976042 0.000000 0.000000 0.000000 1.000000
0.982423 -0.045564 -0.181024 13.282242 0.047419 0.998858 0.005928 78.393578 0.180547 -0.014408 0.983461 0.980874 0.000000 0.000000 0.000000 1.000000
0.983892 -0.047049 -0.172462 13.083398 0.049232 0.998752 0.008398 78.301498 0.171852 -0.016753 0.984980 1.035123 0.000000 0.000000 0.000000 1.000000
0.985032 -0.048831 -0.165308 12.823088 0.051151 0.998643 0.009802 78.257362 0.164605 -0.018111 0.986193 1.134900 0.000000 0.000000 0.000000 1.000000
0.986106 -0.049514 -0.158567 12.508025 0.051616 0.998625 0.009158 78.295097 0.157895 -0.017215 0.987306 1.257373 0.000000 0.000000 0.000000 1.000000
0.987622 -0.047360 -0.149534 12.145662 0.048889 0.998783 0.006564 78.431107 0.149041 -0.013793 0.988735 1.385133 0.000000 0.000000 0.000000 1.000000
0.989915 -0.042316 -0.135195 11.741884 0.043061 0.999069 0.002587 78.656929 0.134960 -0.008383 0.990816 1.516876 0.000000 0.000000 0.000000 1.000000
0.992786 -0.036306 -0.114270 11.297559 0.036322 0.999338 -0.001943 78.922081 0.114265 -0.002222 0.993448 1.655651 0.000000 0.000000 0.000000 1.000000
0.995633 -0.030744 -0.088144 10.818351 0.030342 0.999522 -0.005903 79.174606 0.088284 0.003203 0.996090 1.799943 0.000000 0.000000 0.000000 1.000000
0.997854 -0.026303 -0.059967 10.310344 0.025850 0.999631 -0.008320 79.374870 0.060164 0.006752 0.998166 1.944390 0.000000 0.000000 0.000000 1.000000
0.999172 -0.023787 -0.032996 9.775962 0.023512 0.999686 -0.008709 79.510330 0.033193 0.007926 0.999418 2.083709 0.000000 0.000000 0.000000 1.000000
0.999674 -0.024132 -0.008383 9.217936 0.024073 0.999685 -0.007034 79.587738 0.008550 0.006830 0.999940 2.212295 0.000000 0.000000 0.000000 1.000000
0.999498 -0.027339 0.015988 8.647701 0.027400 0.999618 -0.003653 79.619789 -0.015882 0.004089 0.999866 2.323310 0.000000 0.000000 0.000000 1.000000
0.998516 -0.032712 0.043551 8.079577 0.032702 0.999465 0.000936 79.632278 -0.043559 0.000489 0.999051 2.410782 0.000000 0.000000 0.000000 1.000000
0.996328 -0.039737 0.075838 7.514432 0.039389 0.999205 0.006080 79.652908 -0.076020 -0.003070 0.997102 2.468381 0.000000 0.000000 0.000000 1.000000
0.992532 -0.048306 0.112010 6.935247 0.047392 0.998818 0.010808 79.686226 -0.112400 -0.005418 0.993648 2.481935 0.000000 0.000000 0.000000 1.000000
0.986825 -0.057869 0.151086 6.326499 0.056326 0.998308 0.014474 79.718918 -0.151668 -0.005774 0.988415 2.431057 0.000000 0.000000 0.000000 1.000000
0.978872 -0.067745 0.192927 5.688575 0.065610 0.997693 0.017440 79.726234 -0.193663 -0.004413 0.981058 2.301597 0.000000 0.000000 0.000000 1.000000
0.968399 -0.076954 0.237238 5.035210 0.074229 0.997032 0.020411 79.713181 -0.238105 -0.002156 0.971237 2.098462 0.000000 0.000000 0.000000 1.000000
0.955471 -0.084381 0.282762 4.371300 0.081044 0.996433 0.023499 79.675964 -0.283737 0.000463 0.958902 1.838253 0.000000 0.000000 0.000000 1.000000
0.940596 -0.089901 0.327409 3.682270 0.086128 0.995944 0.026038 79.635796 -0.328422 0.003707 0.944524 1.527694 0.000000 0.000000 0.000000 1.000000
0.924613 -0.093852 0.369164 2.958595 0.090320 0.995550 0.026880 79.592018 -0.370044 0.008489 0.928975 1.158673 0.000000 0.000000 0.000000 1.000000
0.908376 -0.096520 0.406862 2.212265 0.094344 0.995214 0.025459 79.531464 -0.407372 0.015258 0.913135 0.726619 0.000000 0.000000 0.000000 1.000000
0.892668 -0.098193 0.439888 1.467994 0.098399 0.994895 0.022403 79.449242 -0.439842 0.023286 0.897773 0.245608 0.000000 0.000000 0.000000 1.000000
0.878251 -0.099352 0.467766 0.742235 0.102546 0.994552 0.018705 79.352974 -0.467076 0.031540 0.883655 -0.262712 0.000000 0.000000 0.000000 1.000000
0.865632 -0.099480 0.490699 0.039966 0.105722 0.994282 0.015070 79.247093 -0.489392 0.038832 0.871199 -0.776328 0.000000 0.000000 0.000000 1.000000
0.854857 -0.097718 0.509580 -0.637995 0.106457 0.994244 0.012069 79.128670 -0.507826 0.043931 0.860339 -1.267724 0.000000 0.000000 0.000000 1.000000
0.846346 -0.094579 0.524169 -1.287666 0.104560 0.994462 0.010608 78.990479 -0.522269 0.045829 0.851548 -1.703271 0.000000 0.000000 0.000000 1.000000
0.841634 -0.091901 0.532171 -1.896779 0.101326 0.994786 0.011543 78.833008 -0.530457 0.044208 0.846558 -2.060545 0.000000 0.000000 0.000000 1.000000
0.842152 -0.090895 0.531524 -2.442646 0.098216 0.995059 0.014550 78.671051 -0.530220 0.039951 0.846919 -2.345678 0.000000 0.000000 0.000000 1.000000
0.847056 -0.091302 0.523602 -2.902309 0.095998 0.995214 0.018238 78.529594 -0.522762 0.034816 0.851768 -2.583842 0.000000 0.000000 0.000000 1.000000
0.853381 -0.092447 0.513025 -3.266868 0.094807 0.995260 0.021642 78.430977 -0.512595 0.030170 0.858101 -2.794856 0.000000 0.000000 0.000000 1.000000
0.858712 -0.094073 0.503750 -3.545716 0.094513 0.995216 0.024743 78.383110 -0.503668 0.026363 0.863495 -2.984169 0.000000 0.000000 0.000000 1.000000
0.862933 -0.095960 0.496123 -3.755656 0.094870 0.995111 0.027462 78.371895 -0.496333 0.023369 0.867818 -3.149079 0.000000 0.000000 0.000000 1.000000
0.867569 -0.097789 0.487608 -3.908146 0.095791 0.994976 0.029106 78.372971 -0.488005 0.021457 0.872577 -3.288697 0.000000 0.000000 0.000000 1.000000
0.874223 -0.099384 0.475245 -4.006967 0.097288 0.994831 0.029077 78.371094 -0.475678 0.020816 0.879373 -3.406404 0.000000 0.000000 0.000000 1.000000
0.883335 -0.100769 0.457782 -4.055660 0.099248 0.994684 0.027444 78.370071 -0.458114 0.021192 0.888641 -3.502320 0.000000 0.000000 0.000000 1.000000
0.893899 -0.102176 0.436469 -4.061105 0.101610 0.994517 0.024714 78.384033 -0.436601 0.022258 0.899380 -3.568542 0.000000 0.000000 0.000000 1.000000
0.904373 -0.103966 0.413885 -4.028172 0.104448 0.994297 0.021536 78.423683 -0.413764 0.023753 0.910074 -3.596837 0.000000 0.000000 0.000000 1.000000
0.913843 -0.106257 0.391919 -3.953692 0.107655 0.994017 0.018478 78.485924 -0.391538 0.025307 0.919814 -3.587841 0.000000 0.000000 0.000000 1.000000
0.922212 -0.108877 0.371041 -3.829663 0.110950 0.993700 0.015826 78.555458 -0.370426 0.026572 0.928482 -3.546929 0.000000 0.000000 0.000000 1.000000
0.929665 -0.111689 0.351069 -3.653989 0.114218 0.993363 0.013567 78.618073 -0.350254 0.027486 0.936251 -3.476274 0.000000 0.000000 0.000000 1.000000
0.936359 -0.114562 0.331825 -3.433989 0.117412 0.993016 0.011519 78.669380 -0.330827 0.028174 0.943271 -3.377393 0.000000 0.000000 0.000000 1.000000
0.942404 -0.117096 0.313309 -3.178037 0.120218 0.992703 0.009409 78.712112 -0.312125 0.028799 0.949604 -3.256910 0.000000 0.000000 0.000000 1.000000
0.947756 -0.119032 0.295955 -2.889230 0.122445 0.992450 0.007048 78.750412 -0.294560 0.029558 0.955176 -3.123732 0.000000 0.000000 0.000000 1.000000
0.952230 -0.120771 0.280487 -2.568109 0.124475 0.992212 0.004638 78.788635 -0.278862 0.030498 0.959847 -2.980033 0.000000 0.000000 0.000000 1.000000
0.955760 -0.122893 0.267245 -2.218407 0.126804 0.991924 0.002644 78.830521 -0.265412 0.031361 0.963625 -2.819475 0.000000 0.000000 0.000000 1.000000
0.958603 -0.125331 0.255681 -1.848541 0.129258 0.991610 0.001457 78.878937 -0.253718 0.031652 0.966760 -2.635029 0.000000 0.000000 0.000000 1.000000
0.961196 -0.127522 0.244622 -1.465799 0.131231 0.991351 0.001146 78.936363 -0.242653 0.031000 0.969618 -2.425645 0.000000 0.000000 0.000000 1.000000
0.963812 -0.129302 0.233127 -1.072744 0.132615 0.991167 0.001477 79.004112 -0.231258 0.029493 0.972445 -2.192795 0.000000 0.000000 0.000000 1.000000
0.966435 -0.130964 0.221023 -0.673236 0.133850 0.991000 0.001937 79.080299 -0.219287 0.027712 0.975267 -1.936807 0.000000 0.000000 0.000000 1.000000
0.969010 -0.132438 0.208516 -0.275551 0.134984 0.990846 0.002034 79.158264 -0.206877 0.026175 0.978017 -1.658573 0.000000 0.000000 0.000000 1.000000
0.971621 -0.133024 0.195592 0.114047 0.135281 0.990806 0.001835 79.231750 -0.194038 0.024677 0.980684 -1.360525 0.000000 0.000000 0.000000 1.000000
0.974384 -0.132223 0.181914 0.497391 0.134151 0.990959 0.001724 79.298538 -0.180497 0.022724 0.983313 -1.047636 0.000000 0.000000 0.000000 1.000000
0.977366 -0.130155 0.166776 0.881405 0.131744 0.991283 0.001548 79.359428 -0.165524 0.020459 0.985994 -0.727772 0.000000 0.000000 0.000000 1.000000
0.980645 -0.126834 0.149162 1.268515 0.128191 0.991749 0.000522 79.414642 -0.147998 0.018609 0.988813 -0.408527 0.000000 0.000000 0.000000 1.000000
0.984214 -0.121710 0.128488 1.653578 0.122970 0.992409 -0.001892 79.462357 -0.127282 0.017662 0.991709 -0.094848 0.000000 0.000000 0.000000 1.000000
0.987842 -0.114320 0.105355 2.034665 0.115524 0.993290 -0.005381 79.497726 -0.104033 0.017487 0.994420 0.210843 0.000000 0.000000 0.000000 1.000000
0.991157 -0.105035 0.081093 2.420170 0.106131 0.994309 -0.009315 79.516548 -0.079653 0.017839 0.996663 0.508317 0.000000 0.000000 0.000000 1.000000
0.993867 -0.094983 0.056625 2.820640 0.095889 0.995300 -0.013503 79.519913 -0.055076 0.018850 0.998304 0.799093 0.000000 0.000000 0.000000 1.000000
0.995844 -0.085155 0.032292 3.239819 0.085758 0.996158 -0.017759 79.516762 -0.030656 0.020455 0.999321 1.085568 0.000000 0.000000 0.000000 1.000000
0.997100 -0.075645 0.008364 3.673983 0.075809 0.996894 -0.021357 79.520660 -0.006722 0.021929 0.999737 1.368680 0.000000 0.000000 0.000000 1.000000
0.997702 -0.066108 -0.014829 4.115744 0.065744 0.997551 -0.023862 79.539719 0.016370 0.022832 0.999605 1.643486 0.000000 0.000000 0.000000 1.000000
0.997723 -0.056511 -0.036803 4.562246 0.055588 0.998124 -0.025641 79.570366 0.038183 0.023537 0.998994 1.902759 0.000000 0.000000 0.000000 1.000000
0.997259 -0.047276 -0.056922 5.017816 0.045798 0.998586 -0.026990 79.613342 0.058117 0.024309 0.998014 2.148531 0.000000 0.000000 0.000000 1.000000
0.996445 -0.038310 -0.075029 5.488399 0.036328 0.998959 -0.027601 79.663406 0.076009 0.024777 0.996799 2.394200 0.000000 0.000000 0.000000 1.000000
0.995354 -0.029326 -0.091707 5.969728 0.026965 0.999275 -0.026879 79.709435 0.092428 0.024282 0.995423 2.655216 0.000000 0.000000 0.000000 1.000000
0.994027 -0.020941 -0.107110 6.446314 0.018456 0.999538 -0.024142 79.731247 0.107566 0.022021 0.993954 2.931578 0.000000 0.000000 0.000000 1.000000
0.992632 -0.014461 -0.120303 6.903754 0.012233 0.999740 -0.019235 79.728600 0.120550 0.017621 0.992551 3.201586 0.000000 0.000000 0.000000 1.000000
0.991169 -0.010288 -0.132209 7.328084 0.008534 0.999868 -0.013826 79.722839 0.132333 0.012575 0.991125 3.445830 0.000000 0.000000 0.000000 1.000000
0.988929 -0.006420 -0.148252 7.708251 0.004909 0.999932 -0.010554 79.726707 0.148310 0.009709 0.988893 3.674919 0.000000 0.000000 0.000000 1.000000
0.984979 -0.000602 -0.172674 8.057961 -0.001037 0.999955 -0.009404 79.730064 0.172672 0.009442 0.984934 3.905730 0.000000 0.000000 0.000000 1.000000
0.979521 0.006316 -0.201242 8.412350 -0.007998 0.999940 -0.007545 79.716019 0.201182 0.009000 0.979513 4.118877 0.000000 0.000000 0.000000 1.000000
0.974054 0.011607 -0.226016 8.789388 -0.012789 0.999911 -0.003768 79.678337 0.225952 0.006561 0.974116 4.278097 0.000000 0.000000 0.000000 1.000000
0.969599 0.014355 -0.244279 9.180570 -0.014659 0.999892 0.000575 79.624062 0.244261 0.003023 0.969705 4.370958 0.000000 0.000000 0.000000 1.000000
0.965929 0.016122 -0.258304 9.575002 -0.015473 0.999870 0.004545 79.567337 0.258344 -0.000394 0.966053 4.407284 0.000000 0.000000 0.000000 1.000000
0.962686 0.018743 -0.269970 9.973078 -0.017195 0.999819 0.008095 79.531151 0.270073 -0.003151 0.962835 4.393319 0.000000 0.000000 0.000000 1.000000
0.960101 0.022323 -0.278762 10.378992 -0.020211 0.999741 0.010447 79.522385 0.278923 -0.004396 0.960303 4.319096 0.000000 0.000000 0.000000 1.000000
0.958510 0.025105 -0.283952 10.790378 -0.023137 0.999679 0.010283 79.520866 0.284119 -0.003286 0.958783 4.170440 0.000000 0.000000 0.000000 1.000000
0.957638 0.025818 -0.286816 11.198256 -0.024715 0.999667 0.007465 79.500954 0.286913 -0.000061 0.957957 3.947745 0.000000 0.000000 0.000000 1.000000
0.956677 0.025225 -0.290055 11.592517 -0.025362 0.999673 0.003286 79.455101 0.290043 0.004213 0.957004 3.669123 0.000000 0.000000 0.000000 1.000000
0.955026 0.024800 -0.295485 11.967365 -0.026284 0.999654 -0.001052 79.394394 0.295356 0.008771 0.955347 3.357929 0.000000 0.000000 0.000000 1.000000
0.952641 0.024629 -0.303098 12.319206 -0.027586 0.999604 -0.005476 79.327919 0.302843 0.013578 0.952944 3.031775 0.000000 0.000000 0.000000 1.000000
0.949868 0.023900 -0.311736 12.642277 -0.028609 0.999535 -0.010541 79.259384 0.311340 0.018931 0.950110 2.703198 0.000000 0.000000 0.000000 1.000000
0.947222 0.022630 -0.319779 12.926513 -0.029387 0.999435 -0.016319 79.196220 0.319229 0.024855 0.947352 2.385583 0.000000 0.000000 0.000000 1.000000
0.945151 0.021671 -0.325913 13.163791 -0.030534 0.999289 -0.022101 79.151520 0.325202 0.030840 0.945141 2.096435 0.000000 0.000000 0.000000 1.000000
0.943810 0.021308 -0.329800 13.354759 -0.032085 0.999113 -0.027270 79.129021 0.328927 0.036319 0.943657 1.848935 0.000000 0.000000 0.000000 1.000000
0.943028 0.021156 -0.332039 13.508066 -0.033587 0.998931 -0.031746 79.126167 0.331013 0.041090 0.942731 1.642485 0.000000 0.000000 0.000000 1.000000
0.942378 0.021018 -0.333890 13.632057 -0.034824 0.998766 -0.035416 79.136223 0.332733 0.045003 0.941947 1.466945 0.000000 0.000000 0.000000 1.000000
0.941258 0.020732 -0.337050 13.733064 -0.035643 0.998638 -0.038109 79.147537 0.335801 0.047884 0.940715 1.311701 0.000000 0.000000 0.000000 1.000000
0.939054 0.019887 -0.343195 13.820812 -0.035784 0.998557 -0.040049 79.151321 0.341903 0.049889 0.938410 1.168654 0.000000 0.000000 0.000000 1.000000
0.935309 0.018412 -0.353354 13.907555 -0.035369 0.998508 -0.041593 79.143669 0.352061 0.051400 0.934565 1.032285 0.000000 0.000000 0.000000 1.000000
0.929877 0.016797 -0.367486 14.000259 -0.034845 0.998487 -0.042532 79.126472 0.366216 0.052355 0.929056 0.899109 0.000000 0.000000 0.000000 1.000000
0.923073 0.015373 -0.384317 14.095648 -0.034228 0.998520 -0.042269 79.103462 0.383098 0.052172 0.922233 0.766540 0.000000 0.000000 0.000000 1.000000
0.915625 0.014015 -0.401788 14.182823 -0.033124 0.998624 -0.040652 79.075996 0.400666 0.050531 0.914830 0.634059 0.000000 0.000000 0.000000 1.000000
0.908323 0.012533 -0.418083 14.251225 -0.031369 0.998777 -0.038210 79.042801 0.417092 0.047822 0.907605 0.505452 0.000000 0.000000 0.000000 1.000000
0.901816 0.010610 -0.431990 14.297543 -0.028824 0.998949 -0.035636 79.002213 0.431158 0.044589 0.901174 0.386849 0.000000 0.000000 0.000000 1.000000
0.896822 0.007807 -0.442322 14.324720 -0.025157 0.999126 -0.033372 78.957336 0.441675 0.041056 0.896235 0.280879 0.000000 0.000000 0.000000 1.000000
0.894116 0.004130 -0.447816 14.334381 -0.020429 0.999293 -0.031573 78.915863 0.447369 0.037378 0.893568 0.183778 0.000000 0.000000 0.000000 1.000000
0.894042 0.000206 -0.447983 14.323804 -0.015343 0.999427 -0.030161 78.882973 0.447720 0.033839 0.893533 0.088833 0.000000 0.000000 0.000000 1.000000
0.896211 -0.003422 -0.443614 14.284872 -0.010409 0.999533 -0.028739 78.842270 0.443505 0.030374 0.895757 -0.007828 0.000000 0.000000 0.000000 1.000000
0.899784 -0.006603 -0.436286 14.214841 -0.005635 0.999626 -0.026751 78.795876 0.436299 0.026528 0.899410 -0.106022 0.000000 0.000000 0.000000 1.000000
0.903938 -0.009446 -0.427558 14.109527 -0.000837 0.999715 -0.023856 78.740913 0.427662 0.021923 0.903673 -0.203646 0.000000 0.000000 0.000000 1.000000
0.908159 -0.011970 -0.418454 13.967889 0.003922 0.999791 -0.020087 78.678535 0.418607 0.016601 0.908016 -0.299490 0.000000 0.000000 0.000000 1.000000
0.912338 -0.014161 -0.409194 13.794551 0.008427 0.999839 -0.015812 78.616089 0.409352 0.010977 0.912311 -0.393257 0.000000 0.000000 0.000000 1.000000
0.916685 -0.015885 -0.399296 13.593475 0.012384 0.999859 -0.011346 78.561340 0.399420 0.005456 0.916752 -0.483572 0.000000 0.000000 0.000000 1.000000
0.921502 -0.016888 -0.388006 13.363034 0.015508 0.999857 -0.006687 78.516975 0.388064 0.000145 0.921633 -0.568660 0.000000 0.000000 0.000000 1.000000
0.926965 -0.017082 -0.374759 13.101117 0.017622 0.999843 -0.001985 78.482605 0.374734 -0.004764 0.927120 -0.648449 0.000000 0.000000 0.000000 1.000000
0.933009 -0.016542 -0.359472 12.810705 0.018616 0.999824 0.002310 78.459053 0.359370 -0.008848 0.933153 -0.724211 0.000000 0.000000 0.000000 1.000000
0.939386 -0.015146 -0.342527 12.497063 0.018405 0.999811 0.006267 78.448242 0.342368 -0.012191 0.939487 -0.793637 0.000000 0.000000 0.000000 1.000000
0.945776 -0.012767 -0.324568 12.162139 0.017119 0.999798 0.010558 78.452812 0.324368 -0.015542 0.945803 -0.845373 0.000000 0.000000 0.000000 1.000000
0.951863 -0.009777 -0.306368 11.803877 0.015178 0.999769 0.015251 78.479691 0.306148 -0.019167 0.951791 -0.861920 0.000000 0.000000 0.000000 1.000000
0.957445 -0.006800 -0.288535 11.419728 0.012958 0.999727 0.019438 78.536018 0.288324 -0.022350 0.957272 -0.832053 0.000000 0.000000 0.000000 1.000000
0.962523 -0.004099 -0.271169 11.010842 0.010557 0.999694 0.022362 78.622429 0.270994 -0.024386 0.962272 -0.760330 0.000000 0.000000 0.000000 1.000000
0.967131 -0.001349 -0.254274 10.582260 0.007762 0.999677 0.024218 78.738937 0.254159 -0.025396 0.966829 -0.661252 0.000000 0.000000 0.000000 1.000000
0.971176 0.001981 -0.238354 10.140080 0.004284 0.999659 0.025764 78.879623 0.238324 -0.026042 0.970837 -0.545469 0.000000 0.000000 0.000000 1.000000
0.974557 0.005842 -0.224065 9.690526 0.000338 0.999621 0.027532 79.030914 0.224140 -0.026907 0.974185 -0.413759 0.000000 0.000000 0.000000 1.000000
0.977342 0.009679 -0.211446 9.238438 -0.003506 0.999557 0.029551 79.178047 0.211638 -0.028141 0.976943 -0.262581 0.000000 0.000000 0.000000 1.000000
0.979741 0.013377 -0.199821 8.785198 -0.007200 0.999474 0.031611 79.314011 0.200139 -0.029532 0.979322 -0.091468 0.000000 0.000000 0.000000 1.000000
0.981929 0.017383 -0.188448 8.330903 -0.011256 0.999374 0.033535 79.442322 0.188913 -0.030808 0.981510 0.096770 0.000000 0.000000 0.000000 1.000000
0.983960 0.021759 -0.177059 7.876490 -0.015784 0.999260 0.035081 79.569405 0.177691 -0.031724 0.983575 0.299566 0.000000 0.000000 0.000000 1.000000
0.985815 0.025512 -0.165885 7.427701 -0.019852 0.999166 0.035686 79.690292 0.166657 -0.031886 0.985499 0.513452 0.000000 0.000000 0.000000 1.000000
0.987461 0.027637 -0.155427 6.998810 -0.022468 0.999138 0.034916 79.790337 0.156258 -0.030986 0.987230 0.731441 0.000000 0.000000 0.000000 1.000000
0.988858 0.028271 -0.146150 6.601676 -0.023649 0.999167 0.033271 79.856133 0.146969 -0.029444 0.988703 0.944714 0.000000 0.000000 0.000000 1.000000
0.989988 0.028231 -0.138299 6.237000 -0.024054 0.999205 0.031783 79.892807 0.139086 -0.028138 0.989880 1.147969 0.000000 0.000000 0.000000 1.000000
0.990893 0.027546 -0.131807 5.899638 -0.023680 0.999245 0.030806 79.911407 0.132556 -0.027404 0.990797 1.340851 0.000000 0.000000 0.000000 1.000000
0.991666 0.025676 -0.126252 5.588676 -0.022094 0.999315 0.029694 79.916199 0.126928 -0.026658 0.991554 1.522946 0.000000 0.000000 0.000000 1.000000
0.992365 0.022739 -0.121224 5.306129 -0.019518 0.999426 0.027697 79.906090 0.121785 -0.025120 0.992239 1.691087 0.000000 0.000000 0.000000 1.000000
0.992960 0.019662 -0.116808 5.050460 -0.016883 0.999551 0.024734 79.882278 0.117242 -0.022588 0.992846 1.840851 0.000000 0.000000 0.000000 1.000000
0.993402 0.017018 -0.113417 4.816510 -0.014721 0.999670 0.021064 79.849586 0.113738 -0.019255 0.993324 1.968787 0.000000 0.000000 0.000000 1.000000
0.993698 0.014560 -0.111142 4.599556 -0.012784 0.999779 0.016672 79.813644 0.111360 -0.015146 0.993665 2.075691 0.000000 0.000000 0.000000 1.000000
0.993917 0.012147 -0.109463 4.397226 -0.010946 0.999873 0.011573 79.781357 0.109589 -0.010305 0.993924 2.168285 0.000000 0.000000 0.000000 1.000000
0.994132 0.010111 -0.107697 4.209847 -0.009483 0.999935 0.006348 79.759117 0.107754 -0.005290 0.994164 2.255037 0.000000 0.000000 0.000000 1.000000
0.994365 0.008638 -0.105661 4.039824 -0.008481 0.999962 0.001930 79.748436 0.105674 -0.001023 0.994400 2.341534 0.000000 0.000000 0.000000 1.000000
0.994556 0.007564 -0.103928 3.889397 -0.007709 0.999970 -0.000988 79.744667 0.103917 0.001784 0.994584 2.431041 0.000000 0.000000 0.000000 1.000000
0.994610 0.006680 -0.103469 3.757553 -0.006959 0.999973 -0.002339 79.739914 0.103451 0.003046 0.994630 2.524853 0.000000 0.000000 0.000000 1.000000
0.994475 0.005800 -0.104814 3.641025 -0.006109 0.999978 -0.002627 79.729897 0.104797 0.003253 0.994488 2.620540 0.000000 0.000000 0.000000 1.000000
0.994189 0.004777 -0.107545 3.537689 -0.005075 0.999984 -0.002493 79.718277 0.107532 0.003024 0.994197 2.714210 0.000000 0.000000 0.000000 1.000000
0.993851 0.003593 -0.110664 3.446685 -0.003891 0.999989 -0.002483 79.709145 0.110654 0.002898 0.993855 2.804024 0.000000 0.000000 0.000000 1.000000
0.993571 0.002312 -0.113190 3.366440 -0.002648 0.999993 -0.002819 79.699997 0.113183 0.003100 0.993569 2.889029 0.000000 0.000000 0.000000 1.000000
0.993422 0.001058 -0.114505 3.294106 -0.001422 0.999994 -0.003094 79.688240 0.114501 0.003237 0.993418 2.965693 0.000000 0.000000 0.000000 1.000000
0.993414 -0.000109 -0.114578 3.226924 -0.000206 0.999996 -0.002738 79.676239 0.114577 0.002744 0.993411 3.029652 0.000000 0.000000 0.000000 1.000000
0.993488 -0.001255 -0.113927 3.162766 0.001052 0.999998 -0.001843 79.666855 0.113929 0.001711 0.993487 3.080235 0.000000 0.000000 0.000000 1.000000
0.993564 -0.002398 -0.113247 3.100115 0.002300 0.999997 -0.000995 79.661575 0.113249 0.000728 0.993566 3.119633 0.000000 0.000000 0.000000 1.000000
0.993582 -0.003462 -0.113063 3.039470 0.003424 0.999994 -0.000528 79.660706 0.113065 0.000138 0.993588 3.149741 0.000000 0.000000 0.000000 1.000000
0.993507 -0.004442 -0.113681 2.983444 0.004420 0.999990 -0.000446 79.661552 0.113682 -0.000059 0.993517 3.171922 0.000000 0.000000 0.000000 1.000000
0.993341 -0.005410 -0.115085 2.933955 0.005363 0.999985 -0.000720 79.660233 0.115088 0.000098 0.993355 3.187155 0.000000 0.000000 0.000000 1.000000
0.993134 -0.006406 -0.116811 2.889869 0.006299 0.999979 -0.001286 79.656654 0.116817 0.000541 0.993153 3.194891 0.000000 0.000000 0.000000 1.000000
0.992984 -0.007448 -0.118011 2.847299 0.007270 0.999972 -0.001937 79.653099 0.118022 0.001065 0.993010 3.192707 0.000000 0.000000 0.000000 1.000000
0.992995 -0.008446 -0.117856 2.801343 0.008215 0.999963 -0.002445 79.649567 0.117872 0.001460 0.993028 3.179575 0.000000 0.000000 0.000000 1.000000
0.993175 -0.009271 -0.116261 2.747800 0.009005 0.999956 -0.002810 79.643906 0.116282 0.001744 0.993215 3.160064 0.000000 0.000000 0.000000 1.000000
0.993410 -0.010189 -0.114161 2.684069 0.009881 0.999946 -0.003263 79.634613 0.114188 0.002113 0.993457 3.142288 0.000000 0.000000 0.000000 1.000000
0.993552 -0.011692 -0.112769 2.609123 0.011327 0.999928 -0.003876 79.622841 0.112807 0.002574 0.993614 3.131067 0.000000 0.000000 0.000000 1.000000
0.993531 -0.013778 -0.112718 2.523793 0.013376 0.999901 -0.004324 79.611229 0.112767 0.002788 0.993618 3.124194 0.000000 0.000000 0.000000 1.000000
0.993357 -0.016040 -0.113949 2.432221 0.015662 0.999868 -0.004210 79.602829 0.114001 0.002398 0.993478 3.113284 0.000000 0.000000 0.000000 1.000000
0.993080 -0.018314 -0.116005 2.342924 0.018032 0.999831 -0.003484 79.599274 0.116049 0.001368 0.993243 3.086705 0.000000 0.000000 0.000000 1.000000
0.992780 -0.020755 -0.118144 2.264733 0.020596 0.999785 -0.002565 79.599945 0.118172 0.000113 0.992993 3.035519 0.000000 0.000000 0.000000 1.000000
0.992536 -0.023401 -0.119689 2.197606 0.023330 0.999726 -0.001991 79.604652 0.119703 -0.000816 0.992809 2.958735 0.000000 0.000000 0.000000 1.000000
0.992373 -0.026248 -0.120440 2.131338 0.026212 0.999655 -0.001880 79.614685 0.120448 -0.001291 0.992719 2.856180 0.000000 0.000000 0.000000 1.000000
0.992286 -0.029647 -0.120370 2.056350 0.029662 0.999559 -0.001668 79.627769 0.120366 -0.001915 0.992728 2.718870 0.000000 0.000000 0.000000 1.000000
0.992321 -0.034012 -0.118918 1.970751 0.034187 0.999415 -0.000565 79.638710 0.118867 -0.003505 0.992904 2.535703 0.000000 0.000000 0.000000 1.000000
0.992593 -0.039302 -0.114954 1.876885 0.039732 0.999209 0.001450 79.645332 0.114806 -0.006007 0.993370 2.304949 0.000000 0.000000 0.000000 1.000000
0.993185 -0.045317 -0.107379 1.779831 0.045948 0.998938 0.003406 79.647446 0.107111 -0.008316 0.994212 2.030069 0.000000 0.000000 0.000000 1.000000
0.994065 -0.052129 -0.095489 1.689468 0.052775 0.998597 0.004247 79.643890 0.095134 -0.009261 0.995421 1.708542 0.000000 0.000000 0.000000 1.000000
0.995071 -0.059800 -0.079111 1.616251 0.060269 0.998176 0.003554 79.634361 0.078754 -0.008304 0.996860 1.331792 0.000000 0.000000 0.000000 1.000000
