<?xml version="1.0" encoding="utf-8"?>
<COLLADA xmlns="http://www.collada.org/2005/11/COLLADASchema" version="1.4.1">
  <asset>
    <contributor>
      <author>Mixamo</author>
      <authoring_tool>COLLADA Mixamo exporter</authoring_tool>
      <comments/>
    </contributor>
    <created>2021-12-07T07:42:25Z</created>
    <modified>2021-12-07T07:42:25Z</modified>
    <revision/>
    <title/>
    <unit meter="0.010000"/>
    <up_axis>Y_UP</up_axis>
  </asset>
  <library_animations>
    <animation id="Hips-anim" name="Hips">
      <source id="Hips-Matrix-animation-input">
        <float_array id="Hips-Matrix-animation-input-array" count="247">

0.000000 0.033333 0.066667 0.100000 0.133333 0.166667 0.200000 0.233333 0.266667 0.300000 0.333333 0.366667 0.400000 0.433333 0.466667 0.500000
0.533333 0.566667 0.600000 0.633333 0.666667 0.700000 0.733333 0.766667 0.800000 0.833333 0.866667 0.900000 0.933333 0.966667 1.000000 1.033333
1.066667 1.100000 1.133333 1.166667 1.200000 1.233333 1.266667 1.300000 1.333333 1.366667 1.400000 1.433333 1.466667 1.500000 1.533333 1.566667
1.600000 1.633333 1.666667 1.700000 1.733333 1.766667 1.800000 1.833333 1.866667 1.900000 1.933333 1.966667 2.000000 2.033333 2.066667 2.100000
2.133333 2.166667 2.200000 2.233333 2.266667 2.300000 2.333333 2.366667 2.400000 2.433333 2.466667 2.500000 2.533333 2.566667 2.600000 2.633333
2.666667 2.700000 2.733333 2.766667 2.800000 2.833333 2.866667 2.900000 2.933333 2.966667 3.000000 3.033333 3.066667 3.100000 3.133333 3.166667
3.200000 3.233333 3.266667 3.300000 3.333333 3.366667 3.400000 3.433333 3.466667 3.500000 3.533333 3.566667 3.600000 3.633333 3.666667 3.700000
3.733333 3.766667 3.800000 3.833333 3.866667 3.900000 3.933333 3.966667 4.000000 4.033333 4.066667 4.100000 4.133333 4.166667 4.200000 4.233333
4.266667 4.300000 4.333333 4.366667 4.400000 4.433333 4.466667 4.500000 4.533333 4.566667 4.600000 4.633333 4.666667 4.700000 4.733333 4.766667
4.800000 4.833333 4.866667 4.900000 4.933333 4.966667 5.000000 5.033333 5.066667 5.100000 5.133333 5.166667 5.200000 5.233333 5.266667 5.300000
5.333333 5.366667 5.400000 5.433333 5.466667 5.500000 5.533333 5.566667 5.600000 5.633333 5.666667 5.700000 5.733333 5.766667 5.800000 5.833333
5.866667 5.900000 5.933333 5.966667 6.000000 6.033333 6.066667 6.100000 6.133333 6.166667 6.200000 6.233333 6.266667 6.300000 6.333333 6.366667
6.400000 6.433333 6.466667 6.500000 6.533333 6.566667 6.600000 6.633333 6.666667 6.700000 6.733333 6.766667 6.800000 6.833333 6.866667 6.900000
6.933333 6.966667 7.000000 7.033333 7.066667 7.100000 7.133333 7.166667 7.200000 7.233333 7.266667 7.300000 7.333333 7.366667 7.400000 7.433333
7.466667 7.500000 7.533333 7.566667 7.600000 7.633333 7.666667 7.700000 7.733333 7.766667 7.800000 7.833333 7.866667 7.900000 7.933333 7.966667
8.000000 8.033333 8.066667 8.100000 8.133333 8.166667 8.200000</float_array>
        <technique_common>
          <accessor source="#Hips-Matrix-animation-input-array" count="247">
            <param name="TIME" type="float"/>
          </accessor>
        </technique_common>
      </source>
      <source id="Hips-Matrix-animation-output-transform">
        <float_array id="Hips-Matrix-animation-output-transform-array" count="3952">

0.973512 -0.025074 -0.227256 -0.226399 0.059368 0.987597 0.145355 72.733513 0.220792 -0.154996 0.962926 2.116841 0.000000 0.000000 0.000000 1.000000
0.974882 -0.001322 -0.222717 -0.092465 0.043520 0.981837 0.184668 71.750664 0.218428 -0.189722 0.957233 1.811366 0.000000 0.000000 0.000000 1.000000
0.973909 0.026517 -0.225383 0.149472 0.028419 0.971080 0.237056 70.963150 0.225151 -0.237276 0.944991 1.418624 0.000000 0.000000 0.000000 1.000000
0.967988 0.057806 -0.244250 0.470449 0.017652 0.955031 0.295980 70.312271 0.250376 -0.290817 0.923438 0.867363 0.000000 0.000000 0.000000 1.000000
0.955754 0.085010 -0.281616 0.820726 0.017468 0.939243 0.342807 69.770706 0.293648 -0.332559 0.896201 0.175898 0.000000 0.000000 0.000000 1.000000
0.939074 0.103623 -0.327723 1.216859 0.023941 0.931437 0.363114 69.373558 0.342881 -0.348837 0.872207 -0.558133 0.000000 0.000000 0.000000 1.000000
0.922220 0.116295 -0.368762 1.715878 0.024054 0.934596 0.354897 69.255455 0.385916 -0.336163 0.859106 -1.222157 0.000000 0.000000 0.000000 1.000000
0.909463 0.125649 -0.396344 2.281241 0.010898 0.945714 0.324816 69.647675 0.415641 -0.299728 0.858723 -1.780867 0.000000 0.000000 0.000000 1.000000
0.898244 0.134580 -0.418385 2.837640 -0.011145 0.958632 0.284430 70.509865 0.439356 -0.250825 0.862585 -2.320267 0.000000 0.000000 0.000000 1.000000
0.888400 0.138577 -0.437654 3.251535 -0.032600 0.969988 0.240958 71.464104 0.457910 -0.199799 0.866255 -2.758688 0.000000 0.000000 0.000000 1.000000
0.882973 0.133795 -0.449952 3.421448 -0.046911 0.978873 0.199014 72.207214 0.467073 -0.154616 0.870595 -2.995040 0.000000 0.000000 0.000000 1.000000
0.883480 0.126325 -0.451115 3.320274 -0.057647 0.984954 0.162916 72.699562 0.464908 -0.117928 0.877470 -3.038702 0.000000 0.000000 0.000000 1.000000
0.887317 0.126962 -0.443339 2.940308 -0.072541 0.987814 0.137701 73.064598 0.455419 -0.090024 0.885714 -2.931487 0.000000 0.000000 0.000000 1.000000
0.890742 0.136619 -0.433490 2.303117 -0.089727 0.987842 0.126955 73.240456 0.445564 -0.074189 0.892171 -2.664402 0.000000 0.000000 0.000000 1.000000
0.893604 0.141037 -0.426122 1.505442 -0.093827 0.987073 0.129939 73.344894 0.438939 -0.076133 0.895286 -2.185173 0.000000 0.000000 0.000000 1.000000
0.899029 0.126583 -0.419194 0.684950 -0.072358 0.987090 0.142888 73.356010 0.431869 -0.098128 0.896582 -1.466830 0.000000 0.000000 0.000000 1.000000
0.908513 0.096709 -0.406512 -0.076745 -0.031876 0.986054 0.163343 73.065544 0.416640 -0.135441 0.898926 -0.587771 0.000000 0.000000 0.000000 1.000000
0.921212 0.068969 -0.382898 -0.812224 0.007124 0.981007 0.193843 72.498825 0.388995 -0.181298 0.903224 0.320023 0.000000 0.000000 0.000000 1.000000
0.935410 0.055501 -0.349183 -1.620871 0.032297 0.970060 0.240707 71.737854 0.352088 -0.236437 0.905611 1.129968 0.000000 0.000000 0.000000 1.000000
0.948467 0.062376 -0.310675 -2.514510 0.036557 0.952348 0.302815 71.029312 0.314760 -0.298567 0.900991 1.727235 0.000000 0.000000 0.000000 1.000000
0.958450 0.079231 -0.274036 -3.433512 0.026186 0.932160 0.361098 70.548698 0.284056 -0.353270 0.891354 2.040874 0.000000 0.000000 0.000000 1.000000
0.965779 0.088230 -0.243897 -4.299851 0.014307 0.920808 0.389755 70.332947 0.258970 -0.379906 0.888035 2.040982 0.000000 0.000000 0.000000 1.000000
0.972269 0.082482 -0.218835 -5.008312 0.006671 0.925576 0.378504 70.368340 0.233768 -0.369468 0.899359 1.712680 0.000000 0.000000 0.000000 1.000000
0.978356 0.066332 -0.196008 -5.455336 0.003562 0.941692 0.336457 70.647446 0.206897 -0.329873 0.921074 1.087866 0.000000 0.000000 0.000000 1.000000
0.983186 0.046880 -0.176485 -5.594236 0.004182 0.960450 0.278423 71.085236 0.182557 -0.274479 0.944105 0.274312 0.000000 0.000000 0.000000 1.000000
0.986179 0.025345 -0.163730 -5.543842 0.010493 0.976692 0.214391 71.591728 0.165348 -0.213146 0.962927 -0.570602 0.000000 0.000000 0.000000 1.000000
0.987486 0.004002 -0.157657 -5.448259 0.020139 0.988295 0.151223 72.161453 0.156417 -0.152505 0.975846 -1.314495 0.000000 0.000000 0.000000 1.000000
0.987619 -0.014860 -0.156168 -5.356024 0.030270 0.994847 0.096766 72.782379 0.153925 -0.100295 0.982979 -1.874882 0.000000 0.000000 0.000000 1.000000
0.987153 -0.029686 -0.156999 -5.227352 0.039277 0.997524 0.058341 73.397697 0.154878 -0.063758 0.985874 -2.198379 0.000000 0.000000 0.000000 1.000000
0.986436 -0.039756 -0.159259 -5.019651 0.046403 0.998191 0.038238 73.930038 0.157451 -0.045109 0.986496 -2.243118 0.000000 0.000000 0.000000 1.000000
0.985345 -0.044705 -0.164610 -4.729253 0.050807 0.998162 0.033046 74.331734 0.162830 -0.040925 0.985805 -1.968318 0.000000 0.000000 0.000000 1.000000
0.983444 -0.043335 -0.175953 -4.371961 0.051037 0.997916 0.039488 74.605606 0.173875 -0.047814 0.983606 -1.339474 0.000000 0.000000 0.000000 1.000000
0.980422 -0.034112 -0.193932 -3.965159 0.046728 0.997052 0.060856 74.786209 0.191284 -0.068727 0.979126 -0.354329 0.000000 0.000000 0.000000 1.000000
0.976626 -0.016357 -0.214324 -3.533853 0.039556 0.993748 0.104407 74.901291 0.211276 -0.110444 0.971167 0.927100 0.000000 0.000000 0.000000 1.000000
0.973276 0.009526 -0.229443 -3.111870 0.030543 0.984892 0.170453 74.938568 0.227600 -0.172906 0.958281 2.358623 0.000000 0.000000 0.000000 1.000000
0.971456 0.039170 -0.233963 -2.732950 0.019962 0.969277 0.245159 74.709984 0.236378 -0.242832 0.940828 3.690229 0.000000 0.000000 0.000000 1.000000
0.971221 0.062242 -0.229903 -2.352101 0.011723 0.951591 0.307145 74.411736 0.237891 -0.301001 0.923475 4.660791 0.000000 0.000000 0.000000 1.000000
0.972392 0.068599 -0.223042 -1.817693 0.011825 0.940101 0.340692 74.245651 0.233053 -0.333924 0.913335 5.068467 0.000000 0.000000 0.000000 1.000000
0.974575 0.055943 -0.216966 -1.084114 0.021714 0.940191 0.339955 74.240601 0.223007 -0.336022 0.915072 4.867900 0.000000 0.000000 0.000000 1.000000
0.976408 0.031213 -0.213667 -0.373399 0.036527 0.951364 0.305897 74.392868 0.212823 -0.306485 0.927779 4.163775 0.000000 0.000000 0.000000 1.000000
0.976683 0.007149 -0.214570 0.130001 0.046680 0.968463 0.244746 74.731621 0.209553 -0.249056 0.945547 3.167133 0.000000 0.000000 0.000000 1.000000
0.975218 -0.010833 -0.220981 0.431580 0.048785 0.984746 0.167021 75.113144 0.215801 -0.173663 0.960870 2.085588 0.000000 0.000000 0.000000 1.000000
0.972608 -0.023592 -0.231251 0.647468 0.044962 0.995142 0.087580 75.453987 0.228061 -0.095579 0.968944 1.060914 0.000000 0.000000 0.000000 1.000000
0.969861 -0.031639 -0.241598 0.838287 0.038510 0.998975 0.023771 75.579773 0.240598 -0.032359 0.970085 0.178955 0.000000 0.000000 0.000000 1.000000
0.967571 -0.034454 -0.250237 0.938554 0.032245 0.999396 -0.012923 75.585579 0.250531 0.004435 0.968098 -0.485718 0.000000 0.000000 0.000000 1.000000
0.965346 -0.033104 -0.258865 0.878418 0.027892 0.999328 -0.023786 75.550888 0.259478 0.015741 0.965621 -0.887657 0.000000 0.000000 0.000000 1.000000
0.962382 -0.030417 -0.269991 0.659310 0.026393 0.999480 -0.018523 75.533066 0.270414 0.010700 0.962685 -1.015319 0.000000 0.000000 0.000000 1.000000
0.958673 -0.029744 -0.282952 0.334383 0.029456 0.999552 -0.005274 75.610695 0.282982 -0.003279 0.959119 -0.858895 0.000000 0.000000 0.000000 1.000000
0.955625 -0.034995 -0.292501 -0.057883 0.041272 0.999031 0.015317 75.747643 0.291681 -0.026709 0.956143 -0.416919 0.000000 0.000000 0.000000 1.000000
0.954848 -0.046175 -0.293483 -0.500766 0.063592 0.996719 0.050080 75.689789 0.290208 -0.066482 0.954652 0.253322 0.000000 0.000000 0.000000 1.000000
0.956834 -0.053575 -0.285655 -0.973543 0.087595 0.990320 0.107676 75.167694 0.277121 -0.128050 0.952264 1.023271 0.000000 0.000000 0.000000 1.000000
0.961477 -0.044674 -0.271231 -1.520284 0.098386 0.977267 0.187800 74.595657 0.256675 -0.207251 0.944015 1.760305 0.000000 0.000000 0.000000 1.000000
0.967646 -0.021357 -0.251405 -2.136170 0.091864 0.957843 0.272210 74.168991 0.234992 -0.286498 0.928815 2.335248 0.000000 0.000000 0.000000 1.000000
0.973237 -0.000381 -0.229803 -2.797718 0.078973 0.939649 0.332902 73.927101 0.215808 -0.342140 0.914531 2.642157 0.000000 0.000000 0.000000 1.000000
0.977107 0.006058 -0.212663 -3.467798 0.070766 0.933422 0.351733 73.898254 0.200635 -0.358730 0.911624 2.635344 0.000000 0.000000 0.000000 1.000000
0.979291 -0.000199 -0.202456 -4.054219 0.068065 0.942116 0.328307 74.098007 0.190671 -0.335288 0.922619 2.292411 0.000000 0.000000 0.000000 1.000000
0.980289 -0.013159 -0.197132 -4.449884 0.068138 0.959081 0.274810 74.500420 0.185449 -0.282826 0.941073 1.640047 0.000000 0.000000 0.000000 1.000000
0.980874 -0.029257 -0.192431 -4.635850 0.069511 0.976098 0.205913 74.972031 0.181807 -0.215351 0.959463 0.775907 0.000000 0.000000 0.000000 1.000000
0.981658 -0.046260 -0.184955 -4.693919 0.071393 0.988725 0.131630 75.341003 0.176781 -0.142420 0.973892 -0.194229 0.000000 0.000000 0.000000 1.000000
0.982474 -0.061453 -0.175977 -4.709452 0.072904 0.995571 0.059353 75.527618 0.171550 -0.071142 0.982603 -1.181524 0.000000 0.000000 0.000000 1.000000
0.982539 -0.072875 -0.171191 -4.708980 0.073699 0.997279 -0.001545 75.566696 0.170838 -0.011098 0.985237 -2.086896 0.000000 0.000000 0.000000 1.000000
0.981372 -0.080269 -0.174544 -4.671980 0.074102 0.996384 -0.041575 75.540581 0.177250 0.027867 0.983771 -2.785686 0.000000 0.000000 0.000000 1.000000
0.979419 -0.082417 -0.184244 -4.569879 0.073218 0.995731 -0.056199 75.507858 0.188090 0.041553 0.981272 -3.151653 0.000000 0.000000 0.000000 1.000000
0.977718 -0.075665 -0.195811 -4.389681 0.068113 0.996661 -0.045031 75.492912 0.198564 0.030690 0.979607 -3.081366 0.000000 0.000000 0.000000 1.000000
0.977116 -0.056466 -0.205075 -4.141615 0.056116 0.998396 -0.007525 75.487663 0.205171 -0.004156 0.978717 -2.530470 0.000000 0.000000 0.000000 1.000000
0.977499 -0.025124 -0.209439 -3.860088 0.037726 0.997696 0.056392 75.425735 0.207539 -0.063024 0.976194 -1.580691 0.000000 0.000000 0.000000 1.000000
0.977414 0.012040 -0.210992 -3.589180 0.018282 0.989816 0.141173 75.188469 0.210543 -0.141841 0.967240 -0.438738 0.000000 0.000000 0.000000 1.000000
0.974871 0.044140 -0.218352 -3.359486 0.007936 0.972671 0.232054 74.774445 0.222628 -0.227955 0.947878 0.685076 0.000000 0.000000 0.000000 1.000000
0.968658 0.063886 -0.240042 -3.144684 0.013365 0.951557 0.307183 74.309845 0.248038 -0.300763 0.920879 1.651053 0.000000 0.000000 0.000000 1.000000
0.959759 0.069378 -0.272121 -2.778652 0.030648 0.937338 0.347070 74.187195 0.279149 -0.341443 0.897492 2.323843 0.000000 0.000000 0.000000 1.000000
0.951592 0.059480 -0.301553 -2.128444 0.049878 0.938210 0.342453 74.500305 0.303289 -0.340916 0.889827 2.525350 0.000000 0.000000 0.000000 1.000000
0.946086 0.038164 -0.321659 -1.279883 0.061854 0.953475 0.295057 75.010223 0.317955 -0.299046 0.899709 2.126699 0.000000 0.000000 0.000000 1.000000
0.941166 0.012713 -0.337705 -0.428786 0.064397 0.974235 0.216145 75.581650 0.331752 -0.225176 0.916099 1.214636 0.000000 0.000000 0.000000 1.000000
0.934377 -0.014159 -0.356005 0.298052 0.061475 0.990631 0.121948 76.025650 0.350943 -0.135831 0.926493 0.046838 0.000000 0.000000 0.000000 1.000000
0.926387 -0.041347 -0.374295 0.874081 0.056236 0.997998 0.028940 76.245644 0.372349 -0.047858 0.926858 -1.110317 0.000000 0.000000 0.000000 1.000000
0.920174 -0.063078 -0.386394 1.319969 0.049011 0.997731 -0.046161 76.110100 0.388429 0.023539 0.921178 -2.046969 0.000000 0.000000 0.000000 1.000000
0.918064 -0.073054 -0.389644 1.617851 0.041093 0.995116 -0.089751 75.898079 0.394297 0.066385 0.916582 -2.620901 0.000000 0.000000 0.000000 1.000000
0.920072 -0.071266 -0.385212 1.756567 0.035593 0.994454 -0.098967 75.780540 0.390129 0.077346 0.917506 -2.779619 0.000000 0.000000 0.000000 1.000000
0.924628 -0.063841 -0.375483 1.739725 0.035363 0.995983 -0.082261 75.767990 0.379227 0.062782 0.923171 -2.547295 0.000000 0.000000 0.000000 1.000000
0.930270 -0.057483 -0.362344 1.587216 0.041666 0.997813 -0.051324 75.832924 0.364502 0.032647 0.930630 -1.992261 0.000000 0.000000 0.000000 1.000000
0.936566 -0.054338 -0.346253 1.341625 0.054361 0.998475 -0.009652 75.874481 0.346249 -0.009783 0.938092 -1.196881 0.000000 0.000000 0.000000 1.000000
0.943267 -0.051915 -0.327953 1.102284 0.072387 0.996096 0.050521 75.355782 0.324050 -0.071394 0.943342 -0.256784 0.000000 0.000000 0.000000 1.000000
0.949149 -0.048672 -0.311041 0.886710 0.094337 0.986549 0.133497 74.506020 0.300360 -0.156052 0.940974 0.694397 0.000000 0.000000 0.000000 1.000000
0.953453 -0.045717 -0.298056 0.664415 0.116475 0.967562 0.224183 73.648453 0.278138 -0.248464 0.927850 1.510853 0.000000 0.000000 0.000000 1.000000
0.957896 -0.045245 -0.283527 0.386723 0.132185 0.946120 0.295607 73.069206 0.254875 -0.320639 0.912266 2.073879 0.000000 0.000000 0.000000 1.000000
0.964983 -0.051106 -0.257287 0.035452 0.137076 0.934508 0.328490 72.973656 0.223648 -0.352255 0.908789 2.316556 0.000000 0.000000 0.000000 1.000000
0.974250 -0.065348 -0.215793 -0.371308 0.133111 0.939189 0.316552 73.438972 0.181984 -0.337125 0.923703 2.198713 0.000000 0.000000 0.000000 1.000000
0.982703 -0.083514 -0.165287 -0.803297 0.125778 0.956085 0.264728 74.350739 0.135920 -0.280939 0.950052 1.713830 0.000000 0.000000 0.000000 1.000000
0.988617 -0.097290 -0.114764 -1.246724 0.117848 0.974940 0.188687 75.367302 0.093530 -0.200064 0.975308 0.935593 0.000000 0.000000 0.000000 1.000000
0.992332 -0.100913 -0.071371 -1.710419 0.108225 0.988315 0.107334 76.120369 0.059706 -0.114235 0.991658 0.009150 0.000000 0.000000 0.000000 1.000000
0.994668 -0.094682 -0.040868 -2.180702 0.096120 0.994761 0.034802 76.477173 0.037358 -0.038545 0.998558 -0.903055 0.000000 0.000000 0.000000 1.000000
0.996084 -0.084236 -0.026869 -2.596706 0.083744 0.996307 -0.018929 76.532852 0.028364 0.016605 0.999460 -1.642505 0.000000 0.000000 0.000000 1.000000
0.996795 -0.074897 -0.028119 -2.868177 0.073513 0.996168 -0.047393 76.274590 0.031561 0.045174 0.998480 -2.066655 0.000000 0.000000 0.000000 1.000000
0.996907 -0.068726 -0.038114 -3.041498 0.066763 0.996486 -0.050579 76.127556 0.041456 0.047878 0.997993 -2.133488 0.000000 0.000000 0.000000 1.000000
0.996636 -0.065251 -0.049583 -3.152305 0.063618 0.997401 -0.033827 76.124825 0.051661 0.030559 0.998197 -1.870064 0.000000 0.000000 0.000000 1.000000
0.996105 -0.063952 -0.060709 -3.206224 0.063991 0.997950 -0.001302 76.218849 0.060668 -0.002588 0.998155 -1.349424 0.000000 0.000000 0.000000 1.000000
0.995085 -0.063644 -0.075863 -3.103247 0.067454 0.996530 0.048759 75.821533 0.072496 -0.053636 0.995925 -0.647724 0.000000 0.000000 0.000000 1.000000
0.993173 -0.062821 -0.098287 -2.908560 0.074318 0.990221 0.118062 75.054489 0.089909 -0.124561 0.988130 0.117820 0.000000 0.000000 0.000000 1.000000
0.990408 -0.059264 -0.124815 -2.713586 0.083176 0.977053 0.196085 74.114922 0.110330 -0.204586 0.972611 0.840570 0.000000 0.000000 0.000000 1.000000
0.987177 -0.052376 -0.150793 -2.525654 0.090993 0.960775 0.261978 73.226601 0.131157 -0.272339 0.953220 1.439762 0.000000 0.000000 0.000000 1.000000
0.983246 -0.044045 -0.176883 -2.277193 0.096508 0.948994 0.300160 72.646561 0.154641 -0.312202 0.937345 1.879535 0.000000 0.000000 0.000000 1.000000
0.977710 -0.036162 -0.206822 -1.926876 0.099774 0.946748 0.306127 72.584221 0.184738 -0.319939 0.929253 2.156652 0.000000 0.000000 0.000000 1.000000
0.970143 -0.028570 -0.240846 -1.503366 0.097729 0.954900 0.280383 73.140961 0.221973 -0.295549 0.929182 2.247843 0.000000 0.000000 0.000000 1.000000
0.961140 -0.021249 -0.275243 -1.065062 0.086017 0.970451 0.225447 74.202080 0.262319 -0.240361 0.934567 2.137517 0.000000 0.000000 0.000000 1.000000
0.951451 -0.017176 -0.307320 -0.633959 0.066073 0.986564 0.149421 75.373116 0.300624 -0.162473 0.939802 1.879537 0.000000 0.000000 0.000000 1.000000
0.941226 -0.019754 -0.337199 -0.204206 0.045068 0.996707 0.067408 76.237282 0.334757 -0.078643 0.939017 1.577490 0.000000 0.000000 0.000000 1.000000
0.930101 -0.028673 -0.366184 0.194218 0.029761 0.999553 -0.002675 76.642349 0.366097 -0.008410 0.930539 1.332763 0.000000 0.000000 0.000000 1.000000
0.917792 -0.039620 -0.395080 0.528266 0.023004 0.998644 -0.046708 76.499184 0.396395 0.033780 0.917458 1.222064 0.000000 0.000000 0.000000 1.000000
0.904772 -0.047248 -0.423268 0.745206 0.023046 0.997803 -0.062117 76.256615 0.425272 0.046447 0.903873 1.288866 0.000000 0.000000 0.000000 1.000000
0.892154 -0.048271 -0.449145 0.852335 0.024595 0.997990 -0.058403 76.136238 0.451062 0.041058 0.891548 1.505060 0.000000 0.000000 0.000000 1.000000
0.881036 -0.042907 -0.471100 0.863952 0.023977 0.998648 -0.046116 76.153427 0.472442 0.029334 0.880874 1.811316 0.000000 0.000000 0.000000 1.000000
0.872533 -0.032681 -0.487461 0.772562 0.022348 0.999386 -0.027001 76.247597 0.488044 0.012665 0.872727 2.160071 0.000000 0.000000 0.000000 1.000000
0.867580 -0.016726 -0.497017 0.580417 0.022213 0.999740 0.005130 76.294281 0.496802 -0.015491 0.867726 2.508638 0.000000 0.000000 0.000000 1.000000
0.865552 0.008128 -0.500753 0.378602 0.023026 0.998165 0.056003 75.699661 0.500289 -0.060004 0.863777 2.800585 0.000000 0.000000 0.000000 1.000000
0.864212 0.041473 -0.501415 0.179739 0.022936 0.992313 0.121607 74.771660 0.502605 -0.116594 0.856618 3.070657 0.000000 0.000000 0.000000 1.000000
0.862091 0.075805 -0.501051 -0.012072 0.021514 0.982382 0.185643 73.897865 0.506296 -0.170821 0.845272 3.345382 0.000000 0.000000 0.000000 1.000000
0.859993 0.100160 -0.500380 -0.196552 0.019777 0.973270 0.228809 73.405586 0.509922 -0.206670 0.835025 3.595307 0.000000 0.000000 0.000000 1.000000
0.860453 0.106786 -0.498214 -0.381295 0.018584 0.970564 0.240124 73.454208 0.509191 -0.215875 0.833141 3.772069 0.000000 0.000000 0.000000 1.000000
0.866130 0.093231 -0.491047 -0.543766 0.018485 0.975802 0.217873 74.032272 0.499477 -0.197783 0.843448 3.837149 0.000000 0.000000 0.000000 1.000000
0.877728 0.061972 -0.475134 -0.632987 0.020951 0.985689 0.167268 74.898743 0.478701 -0.156770 0.863868 3.770099 0.000000 0.000000 0.000000 1.000000
0.892564 0.021297 -0.450418 -0.638684 0.027562 0.994440 0.101637 75.696892 0.450078 -0.103132 0.887014 3.594753 0.000000 0.000000 0.000000 1.000000
0.906018 -0.017495 -0.422877 -0.624145 0.037332 0.998554 0.038672 76.198090 0.421589 -0.050824 0.905362 3.381036 0.000000 0.000000 0.000000 1.000000
0.915204 -0.045261 -0.400441 -0.660102 0.045933 0.998913 -0.007926 76.408775 0.400365 -0.011139 0.916288 3.208857 0.000000 0.000000 0.000000 1.000000
0.920431 -0.057476 -0.386657 -0.761862 0.048442 0.998278 -0.033075 76.400993 0.387892 0.011713 0.921630 3.123012 0.000000 0.000000 0.000000 1.000000
0.923292 -0.055074 -0.380129 -0.930909 0.043410 0.998288 -0.039197 76.309204 0.381637 0.019689 0.924102 3.122290 0.000000 0.000000 0.000000 1.000000
0.924124 -0.043168 -0.379645 -1.185462 0.033575 0.998928 -0.031857 76.311775 0.380614 0.016693 0.924583 3.172758 0.000000 0.000000 0.000000 1.000000
0.921676 -0.025461 -0.387125 -1.500970 0.021550 0.999663 -0.014440 76.314499 0.387362 0.004967 0.921914 3.218282 0.000000 0.000000 0.000000 1.000000
0.914668 -0.000052 -0.404206 -1.778413 0.006938 0.999855 0.015570 75.835701 0.404146 -0.017046 0.914535 3.212366 0.000000 0.000000 0.000000 1.000000
0.903561 0.036131 -0.426934 -2.010288 -0.010123 0.997960 0.063033 75.020569 0.428341 -0.052632 0.902083 3.199896 0.000000 0.000000 0.000000 1.000000
0.891737 0.079290 -0.445555 -2.195323 -0.026375 0.991964 0.123740 74.057884 0.451786 -0.098592 0.886662 3.231413 0.000000 0.000000 0.000000 1.000000
0.884721 0.115892 -0.451484 -2.308505 -0.037270 0.983085 0.179317 73.193443 0.464629 -0.141819 0.874075 3.310235 0.000000 0.000000 0.000000 1.000000
0.887529 0.131194 -0.441679 -2.269395 -0.039890 0.976885 0.210012 72.818604 0.459022 -0.168773 0.872247 3.409868 0.000000 0.000000 0.000000 1.000000
0.901861 0.119277 -0.415234 -2.049855 -0.033008 0.977347 0.209054 73.038017 0.430763 -0.174832 0.885368 3.504032 0.000000 0.000000 0.000000 1.000000
0.924086 0.083727 -0.372901 -1.696207 -0.016187 0.983407 0.180689 73.736000 0.381842 -0.160936 0.910108 3.554293 0.000000 0.000000 0.000000 1.000000
0.947087 0.034030 -0.319169 -1.259403 0.009169 0.991090 0.132877 74.731689 0.320847 -0.128773 0.938336 3.515975 0.000000 0.000000 0.000000 1.000000
0.965574 -0.016794 -0.259586 -0.789492 0.037981 0.996321 0.076820 75.660065 0.257340 -0.084035 0.962660 3.384231 0.000000 0.000000 0.000000 1.000000
0.978426 -0.055891 -0.198893 -0.342201 0.062485 0.997680 0.027025 76.289391 0.196921 -0.038870 0.979648 3.219577 0.000000 0.000000 0.000000 1.000000
0.986852 -0.076947 -0.142137 0.046095 0.077218 0.997008 -0.003618 76.623680 0.141990 -0.007405 0.989840 3.105373 0.000000 0.000000 0.000000 1.000000
0.992155 -0.083827 -0.092747 0.395110 0.083125 0.996474 -0.011414 76.649277 0.093376 0.003614 0.995624 3.094737 0.000000 0.000000 0.000000 1.000000
0.994956 -0.086570 -0.050674 0.712345 0.086512 0.996245 -0.003341 76.549828 0.050773 -0.001060 0.998710 3.198950 0.000000 0.000000 0.000000 1.000000
0.995331 -0.095240 -0.015693 0.996027 0.095407 0.995385 0.010274 76.499489 0.014642 -0.011723 0.999824 3.381370 0.000000 0.000000 0.000000 1.000000
0.993145 -0.116426 0.010409 1.261954 0.116150 0.992939 0.024104 76.384598 -0.013142 -0.022730 0.999655 3.573043 0.000000 0.000000 0.000000 1.000000
0.988242 -0.150672 0.025981 1.495185 0.149564 0.987929 0.040331 76.039330 -0.031744 -0.035971 0.998849 3.728292 0.000000 0.000000 0.000000 1.000000
0.981086 -0.190999 0.031472 1.646596 0.188792 0.980032 0.062406 75.324173 -0.042763 -0.055284 0.997555 3.845840 0.000000 0.000000 0.000000 1.000000
0.973813 -0.225557 0.028489 1.636181 0.222383 0.971082 0.086862 74.642807 -0.047258 -0.078252 0.995813 3.937490 0.000000 0.000000 0.000000 1.000000
0.970071 -0.242193 0.017470 1.427053 0.239093 0.965258 0.105414 74.279694 -0.042394 -0.098082 0.994275 4.012425 0.000000 0.000000 0.000000 1.000000
0.972405 -0.233297 -0.000866 1.008608 0.231916 0.966234 0.112283 74.386375 -0.025359 -0.109385 0.993676 4.096864 0.000000 0.000000 0.000000 1.000000
0.979610 -0.199747 -0.021565 0.417140 0.200908 0.973896 0.105652 74.892601 -0.000101 -0.107831 0.994169 4.191816 0.000000 0.000000 0.000000 1.000000
0.987466 -0.153071 -0.038471 -0.269115 0.155926 0.983880 0.087563 75.547974 0.024447 -0.092464 0.995416 4.254292 0.000000 0.000000 0.000000 1.000000
0.992619 -0.110167 -0.050696 -0.967475 0.113419 0.991320 0.066493 76.085121 0.042931 -0.071752 0.996498 4.266195 0.000000 0.000000 0.000000 1.000000
0.994724 -0.081899 -0.061777 -1.600397 0.085237 0.994924 0.053492 76.390396 0.057083 -0.058476 0.996655 4.249471 0.000000 0.000000 0.000000 1.000000
0.995121 -0.065580 -0.073716 -2.115351 0.069397 0.996312 0.050454 76.482399 0.070136 -0.055324 0.996002 4.211109 0.000000 0.000000 0.000000 1.000000
0.995127 -0.049932 -0.085029 -2.514910 0.054209 0.997339 0.048758 76.477905 0.082368 -0.053129 0.995185 4.148249 0.000000 0.000000 0.000000 1.000000
0.995072 -0.027701 -0.095207 -2.801113 0.032046 0.998499 0.044421 76.316368 0.093834 -0.047253 0.994466 4.085706 0.000000 0.000000 0.000000 1.000000
0.994284 -0.001958 -0.106747 -2.960883 0.007000 0.998876 0.046877 75.859764 0.106535 -0.047356 0.993181 4.068713 0.000000 0.000000 0.000000 1.000000
0.992560 0.019212 -0.120227 -2.978103 -0.011196 0.997691 0.066993 75.105148 0.121237 -0.065149 0.990483 4.105783 0.000000 0.000000 0.000000 1.000000
0.990658 0.029775 -0.133081 -2.837013 -0.016427 0.994823 0.100288 74.209541 0.135378 -0.097165 0.986018 4.155507 0.000000 0.000000 0.000000 1.000000
0.988738 0.029252 -0.146771 -2.542848 -0.010176 0.991583 0.129071 73.463150 0.149311 -0.126124 0.980714 4.189075 0.000000 0.000000 0.000000 1.000000
0.985177 0.022860 -0.170013 -2.138282 0.001047 0.990261 0.139219 73.102974 0.171540 -0.137333 0.975558 4.243318 0.000000 0.000000 0.000000 1.000000
0.977570 0.014956 -0.210081 -1.686133 0.012605 0.991532 0.129246 73.230232 0.210235 -0.128995 0.969103 4.369113 0.000000 0.000000 0.000000 1.000000
0.964822 0.006189 -0.262832 -1.257703 0.022991 0.993907 0.107801 73.825912 0.261898 -0.110051 0.958800 4.555474 0.000000 0.000000 0.000000 1.000000
0.949042 -0.001004 -0.315149 -0.928699 0.029379 0.995922 0.085298 74.711334 0.313778 -0.090211 0.945201 4.741418 0.000000 0.000000 0.000000 1.000000
0.934602 -0.002283 -0.355688 -0.735408 0.027841 0.997381 0.066753 75.599701 0.354604 -0.072290 0.932218 4.867866 0.000000 0.000000 0.000000 1.000000
0.924817 0.003616 -0.380395 -0.660420 0.017661 0.998468 0.052429 76.256363 0.380002 -0.055205 0.923337 4.913584 0.000000 0.000000 0.000000 1.000000
0.919949 0.013108 -0.391818 -0.655417 0.003159 0.999160 0.040845 76.620407 0.392025 -0.038813 0.919136 4.892449 0.000000 0.000000 0.000000 1.000000
0.917574 0.020275 -0.397048 -0.632492 -0.009246 0.999517 0.029673 76.586777 0.397458 -0.023556 0.917318 4.805379 0.000000 0.000000 0.000000 1.000000
0.914485 0.020842 -0.404082 -0.562145 -0.014856 0.999729 0.017944 76.476105 0.404346 -0.010406 0.914547 4.691321 0.000000 0.000000 0.000000 1.000000
0.909013 0.015510 -0.416479 -0.446855 -0.012950 0.999876 0.008971 76.387436 0.416566 -0.002761 0.909101 4.591565 0.000000 0.000000 0.000000 1.000000
0.902292 0.009324 -0.431024 -0.344137 -0.005989 0.999941 0.009094 76.287201 0.431083 -0.005624 0.902295 4.542634 0.000000 0.000000 0.000000 1.000000
0.897416 0.006938 -0.441131 -0.308608 0.003275 0.999744 0.022387 76.154243 0.441173 -0.021535 0.897163 4.554945 0.000000 0.000000 0.000000 1.000000
0.896362 0.009505 -0.443221 -0.345025 0.012328 0.998849 0.046352 76.004364 0.443151 -0.047012 0.895213 4.606618 0.000000 0.000000 0.000000 1.000000
0.897664 0.016457 -0.440373 -0.413867 0.017503 0.997182 0.072943 75.726707 0.440333 -0.073186 0.894847 4.652983 0.000000 0.000000 0.000000 1.000000
0.897556 0.027012 -0.440072 -0.504227 0.016155 0.995436 0.094050 75.456268 0.440604 -0.091524 0.893024 4.680151 0.000000 0.000000 0.000000 1.000000
0.893417 0.038524 -0.447574 -0.599707 0.009874 0.994391 0.105300 75.366730 0.449120 -0.098496 0.888026 4.686558 0.000000 0.000000 0.000000 1.000000
0.886200 0.045744 -0.461039 -0.658127 0.003544 0.994415 0.105478 75.487411 0.463289 -0.095108 0.881089 4.673012 0.000000 0.000000 0.000000 1.000000
0.880191 0.044188 -0.472559 -0.645832 0.001215 0.995444 0.095345 75.740341 0.474619 -0.084496 0.876126 4.646859 0.000000 0.000000 0.000000 1.000000
0.880561 0.033947 -0.472716 -0.549369 0.003353 0.996960 0.077841 76.011887 0.473922 -0.070129 0.877770 4.610254 0.000000 0.000000 0.000000 1.000000
0.890477 0.018524 -0.454652 -0.346297 0.008595 0.998308 0.057509 76.206619 0.454948 -0.055118 0.888811 4.566269 0.000000 0.000000 0.000000 1.000000
0.908460 0.001180 -0.417970 -0.007435 0.016350 0.999130 0.038356 76.287956 0.417652 -0.041679 0.907651 4.545147 0.000000 0.000000 0.000000 1.000000
0.929276 -0.017412 -0.368975 0.457708 0.027452 0.999382 0.021976 76.280716 0.368364 -0.030551 0.929179 4.598506 0.000000 0.000000 0.000000 1.000000
0.948911 -0.040576 -0.312925 1.023377 0.045021 0.998962 0.006987 76.211800 0.312317 -0.020718 0.949752 4.745243 0.000000 0.000000 0.000000 1.000000
0.965504 -0.076041 -0.249036 1.710743 0.075668 0.997071 -0.011084 76.013977 0.249150 -0.008143 0.968431 4.918035 0.000000 0.000000 0.000000 1.000000
0.975484 -0.130373 -0.177293 2.537435 0.125850 0.991375 -0.036570 75.497902 0.180532 0.013361 0.983478 4.998444 0.000000 0.000000 0.000000 1.000000
0.973689 -0.201650 -0.106149 3.388180 0.195494 0.978507 -0.065622 74.449715 0.117101 0.043144 0.992182 4.946642 0.000000 0.000000 0.000000 1.000000
0.959152 -0.278759 -0.048185 3.999599 0.274268 0.958059 -0.083064 72.782204 0.069319 0.066455 0.995379 4.850635 0.000000 0.000000 0.000000 1.000000
0.938638 -0.344889 -0.003214 4.171923 0.343799 0.936333 -0.071294 71.060501 0.027598 0.065814 0.997450 4.795097 0.000000 0.000000 0.000000 1.000000
0.921521 -0.385163 0.049478 3.916277 0.386516 0.922041 -0.021141 69.700119 -0.037478 0.038606 0.998551 4.787701 0.000000 0.000000 0.000000 1.000000
0.911258 -0.391412 0.128085 3.223853 0.386260 0.920174 0.063897 68.363052 -0.142871 -0.008753 0.989703 4.807450 0.000000 0.000000 0.000000 1.000000
0.905054 -0.359346 0.227483 2.127319 0.328683 0.930429 0.162078 67.265518 -0.269899 -0.071919 0.960199 4.912934 0.000000 0.000000 0.000000 1.000000
0.899953 -0.283589 0.331153 0.676144 0.212654 0.948589 0.234428 66.493233 -0.380609 -0.140553 0.913992 5.086532 0.000000 0.000000 0.000000 1.000000
0.892862 -0.164807 0.419090 -1.000513 0.063213 0.967281 0.245708 65.872559 -0.445872 -0.192891 0.874066 5.225361 0.000000 0.000000 0.000000 1.000000
0.886005 -0.027005 0.462888 -2.650054 -0.073271 0.977605 0.197281 65.240303 -0.457850 -0.208708 0.864184 5.269386 0.000000 0.000000 0.000000 1.000000
0.891182 0.090023 0.444623 -4.025153 -0.163436 0.978009 0.129565 64.619041 -0.423182 -0.188134 0.886297 5.201673 0.000000 0.000000 0.000000 1.000000
0.913419 0.165744 0.371744 -5.042494 -0.209014 0.974717 0.078989 64.062180 -0.349254 -0.149849 0.924969 5.008583 0.000000 0.000000 0.000000 1.000000
0.941117 0.209532 0.265319 -5.688433 -0.230366 0.971837 0.049638 63.505074 -0.247446 -0.107836 0.962882 4.683458 0.000000 0.000000 0.000000 1.000000
0.960769 0.235341 0.146759 -5.925243 -0.241797 0.969936 0.027559 62.785629 -0.135861 -0.061963 0.988788 4.207885 0.000000 0.000000 0.000000 1.000000
0.969299 0.244231 0.028460 -5.700558 -0.244439 0.969656 0.004020 61.818748 -0.026615 -0.010853 0.999587 3.610536 0.000000 0.000000 0.000000 1.000000
0.968947 0.230561 -0.089343 -5.032870 -0.233388 0.972125 -0.022452 60.650490 0.081676 0.042606 0.995748 3.000947 0.000000 0.000000 0.000000 1.000000
0.959377 0.191054 -0.207589 -4.025533 -0.206183 0.977041 -0.053664 59.356953 0.192571 0.094286 0.976743 2.502724 0.000000 0.000000 0.000000 1.000000
0.939544 0.129371 -0.317050 -2.839122 -0.165806 0.981983 -0.090652 57.992188 0.299610 0.137741 0.944066 2.176735 0.000000 0.000000 0.000000 1.000000
0.913860 0.055288 -0.402248 -1.614897 -0.116449 0.984756 -0.129207 56.726013 0.388972 0.164918 0.906368 2.018084 0.000000 0.000000 0.000000 1.000000
0.891492 -0.021062 -0.452547 -0.438018 -0.058931 0.985040 -0.161936 55.679314 0.449187 0.171033 0.876914 2.006957 0.000000 0.000000 0.000000 1.000000
0.879270 -0.094356 -0.466885 0.655200 0.007343 0.982752 -0.184783 54.875141 0.476267 0.159045 0.864797 2.129161 0.000000 0.000000 0.000000 1.000000
0.876499 -0.163899 -0.452644 1.614127 0.079855 0.976733 -0.199036 54.216309 0.474734 0.138309 0.869194 2.350085 0.000000 0.000000 0.000000 1.000000
0.877493 -0.228821 -0.421482 2.316374 0.152408 0.966329 -0.207316 53.533405 0.454729 0.117681 0.882821 2.632268 0.000000 0.000000 0.000000 1.000000
0.879754 -0.282683 -0.382261 2.641112 0.216477 0.954026 -0.207296 52.707329 0.423286 0.099618 0.900503 2.982007 0.000000 0.000000 0.000000 1.000000
0.886833 -0.316511 -0.336672 2.527649 0.265607 0.945353 -0.189102 51.733223 0.378127 0.078280 0.922438 3.442276 0.000000 0.000000 0.000000 1.000000
0.902116 -0.326809 -0.281749 1.958353 0.296739 0.943921 -0.144772 50.647453 0.313262 0.046995 0.948503 4.007030 0.000000 0.000000 0.000000 1.000000
0.924288 -0.315333 -0.215076 1.046333 0.304621 0.948924 -0.082156 49.500633 0.229997 0.010419 0.973136 4.575018 0.000000 0.000000 0.000000 1.000000
0.948570 -0.286099 -0.135511 -0.087093 0.285773 0.958038 -0.022269 48.285118 0.136196 -0.017602 0.990526 5.037753 0.000000 0.000000 0.000000 1.000000
0.969891 -0.239091 -0.046329 -1.345103 0.240103 0.970588 0.017587 47.031624 0.040762 -0.028181 0.998771 5.377365 0.000000 0.000000 0.000000 1.000000
0.983792 -0.174197 0.042533 -2.613949 0.172845 0.984374 0.033644 45.869789 -0.047729 -0.025747 0.998528 5.624521 0.000000 0.000000 0.000000 1.000000
0.988347 -0.099004 0.115624 -3.797452 0.095960 0.994883 0.031611 44.942795 -0.118162 -0.020148 0.992790 5.755228 0.000000 0.000000 0.000000 1.000000
0.987116 -0.025436 0.157969 -4.843811 0.022553 0.999545 0.020017 44.316494 -0.158406 -0.016196 0.987241 5.713442 0.000000 0.000000 0.000000 1.000000
0.985874 0.039267 0.162821 -5.678503 -0.040712 0.999156 0.005546 44.011597 -0.162466 -0.012096 0.986640 5.479079 0.000000 0.000000 0.000000 1.000000
0.986451 0.093089 0.135091 -6.286122 -0.092683 0.995652 -0.009303 43.962574 -0.135370 -0.003344 0.990789 5.057809 0.000000 0.000000 0.000000 1.000000
0.986509 0.137964 0.088121 -6.610775 -0.136302 0.990361 -0.024646 44.175426 -0.090671 0.012302 0.995805 4.458103 0.000000 0.000000 0.000000 1.000000
0.984215 0.173315 0.035805 -6.630450 -0.171903 0.984328 -0.039333 44.646103 -0.042061 0.032558 0.998584 3.705917 0.000000 0.000000 0.000000 1.000000
0.980507 0.195874 -0.015449 -6.329641 -0.196420 0.979144 -0.051926 45.333946 0.004956 0.053948 0.998531 2.863262 0.000000 0.000000 0.000000 1.000000
0.976811 0.203166 -0.067558 -5.732348 -0.207491 0.976095 -0.064695 46.226913 0.052799 0.077212 0.995616 2.032710 0.000000 0.000000 0.000000 1.000000
0.972512 0.197106 -0.123971 -4.901832 -0.207875 0.974810 -0.080825 47.284439 0.104917 0.104374 0.988989 1.324916 0.000000 0.000000 0.000000 1.000000
0.965808 0.181778 -0.184854 -3.877202 -0.202568 0.974101 -0.100468 48.452560 0.161804 0.134478 0.977617 0.819779 0.000000 0.000000 0.000000 1.000000
0.956002 0.157812 -0.247295 -2.694571 -0.192634 0.973472 -0.123468 49.666348 0.221250 0.165673 0.961042 0.539003 0.000000 0.000000 0.000000 1.000000
0.944114 0.119880 -0.307046 -1.413716 -0.173233 0.972957 -0.152790 50.880302 0.280426 0.197442 0.939350 0.448301 0.000000 0.000000 0.000000 1.000000
0.931286 0.058493 -0.359563 -0.091642 -0.134854 0.972261 -0.191112 52.059948 0.338410 0.226468 0.913340 0.500018 0.000000 0.000000 0.000000 1.000000
0.915875 -0.031334 -0.400239 1.244300 -0.069172 0.969723 -0.234206 53.183723 0.395460 0.242189 0.885977 0.728373 0.000000 0.000000 0.000000 1.000000
0.894134 -0.139989 -0.425356 2.473715 0.021827 0.962375 -0.270846 54.208645 0.447268 0.232888 0.863548 1.218688 0.000000 0.000000 0.000000 1.000000
0.868733 -0.235033 -0.435963 3.481202 0.111443 0.950420 -0.290313 55.158573 0.482581 0.203619 0.851854 1.948252 0.000000 0.000000 0.000000 1.000000
0.854708 -0.286455 -0.432917 4.178720 0.168353 0.941848 -0.290826 56.098995 0.491051 0.175689 0.853231 2.747566 0.000000 0.000000 0.000000 1.000000
0.862408 -0.292450 -0.413189 4.521256 0.185682 0.942095 -0.279247 57.097492 0.470929 0.164103 0.866773 3.463973 0.000000 0.000000 0.000000 1.000000
0.885656 -0.272657 -0.375861 4.520567 0.181679 0.948394 -0.259887 58.257538 0.427325 0.161885 0.889487 4.059806 0.000000 0.000000 0.000000 1.000000
0.913344 -0.243567 -0.326309 4.249478 0.174739 0.958281 -0.226193 59.727032 0.367789 0.149573 0.917801 4.590348 0.000000 0.000000 0.000000 1.000000
0.938906 -0.205858 -0.275821 3.806121 0.162104 0.971449 -0.173229 61.654160 0.303607 0.117934 0.945470 5.143341 0.000000 0.000000 0.000000 1.000000
0.957312 -0.157412 -0.242438 3.260235 0.133963 0.984812 -0.110450 64.069786 0.256142 0.073258 0.963859 5.712519 0.000000 0.000000 0.000000 1.000000
0.965950 -0.106651 -0.235723 2.618235 0.096032 0.993795 -0.056111 66.933907 0.240245 0.031563 0.970199 6.238689 0.000000 0.000000 0.000000 1.000000
0.965907 -0.069266 -0.249451 1.943353 0.066347 0.997594 -0.020102 70.006271 0.250243 0.002867 0.968179 6.547569 0.000000 0.000000 0.000000 1.000000
0.962545 -0.052909 -0.265908 1.374631 0.054023 0.998535 -0.003129 73.606476 0.265684 -0.011353 0.963993 6.471543 0.000000 0.000000 0.000000 1.000000
0.960939 -0.051125 -0.271997 1.018650 0.052960 0.998596 -0.000597 77.270493 0.271646 -0.013831 0.962298 5.997370 0.000000 0.000000 0.000000 1.000000
0.961711 -0.054325 -0.268626 0.840295 0.055432 0.998456 -0.003471 79.827629 0.268400 -0.011552 0.963238 5.280203 0.000000 0.000000 0.000000 1.000000
0.962967 -0.056878 -0.263553 0.732685 0.058635 0.998279 -0.001204 81.287582 0.263167 -0.014294 0.964644 4.551697 0.000000 0.000000 0.000000 1.000000
0.963756 -0.057893 -0.260427 0.586922 0.063176 0.997931 0.011953 81.813812 0.259197 -0.027972 0.965419 3.963003 0.000000 0.000000 0.000000 1.000000
0.964428 -0.059118 -0.257651 0.390210 0.069669 0.997057 0.032005 81.619431 0.255000 -0.048817 0.965708 3.573979 0.000000 0.000000 0.000000 1.000000
0.965478 -0.063282 -0.252682 0.213122 0.078106 0.995737 0.049063 80.688263 0.248500 -0.067105 0.966305 3.282380 0.000000 0.000000 0.000000 1.000000
0.966906 -0.070329 -0.245248 0.072410 0.087670 0.994310 0.060508 79.106041 0.239597 -0.080007 0.967570 3.046005 0.000000 0.000000 0.000000 1.000000
0.968512 -0.069995 -0.238925 -0.093395 0.090686 0.992920 0.076723 76.934998 0.231863 -0.095975 0.968002 2.797663 0.000000 0.000000 0.000000 1.000000
0.970418 -0.057246 -0.234545 -0.225637 0.082779 0.991488 0.100497 75.012093 0.226795 -0.116939 0.966897 2.543341 0.000000 0.000000 0.000000 1.000000
0.972552 -0.036146 -0.229859 -0.250012 0.067301 0.989335 0.129181 73.362785 0.222739 -0.141105 0.964612 2.260538 0.000000 0.000000 0.000000 1.000000</float_array>
