<?xml version="1.0" encoding="utf-8"?>
<COLLADA xmlns="http://www.collada.org/2005/11/COLLADASchema" version="1.4.1">
  <asset>
    <contributor>
      <author>Mixamo</author>
      <authoring_tool>COLLADA Mixamo exporter</authoring_tool>
      <comments/>
    </contributor>
    <created>2021-12-07T07:39:57Z</created>
    <modified>2021-12-07T07:39:57Z</modified>
    <revision/>
    <title/>
    <unit meter="0.010000"/>
    <up_axis>Y_UP</up_axis>
  </asset>
  <library_animations>
    <animation id="Hips-anim" name="Hips">
      <source id="Hips-Matrix-animation-input">
        <float_array id="Hips-Matrix-animation-input-array" count="96">

0.000000 0.033333 0.066667 0.100000 0.133333 0.166667 0.200000 0.233333 0.266667 0.300000 0.333333 0.366667 0.400000 0.433333 0.466667 0.500000
0.533333 0.566667 0.600000 0.633333 0.666667 0.700000 0.733333 0.766667 0.800000 0.833333 0.866667 0.900000 0.933333 0.966667 1.000000 1.033333
1.066667 1.100000 1.133333 1.166667 1.200000 1.233333 1.266667 1.300000 1.333333 1.366667 1.400000 1.433333 1.466667 1.500000 1.533333 1.566667
1.600000 1.633333 1.666667 1.700000 1.733333 1.766667 1.800000 1.833333 1.866667 1.900000 1.933333 1.966667 2.000000 2.033333 2.066667 2.100000
2.133333 2.166667 2.200000 2.233333 2.266667 2.300000 2.333333 2.366667 2.400000 2.433333 2.466667 2.500000 2.533333 2.566667 2.600000 2.633333
2.666667 2.700000 2.733333 2.766667 2.800000 2.833333 2.866667 2.900000 2.933333 2.966667 3.000000 3.033333 3.066667 3.100000 3.133333 3.166667</float_array>
        <technique_common>
          <accessor source="#Hips-Matrix-animation-input-array" count="96">
            <param name="TIME" type="float"/>
          </accessor>
        </technique_common>
      </source>
      <source id="Hips-Matrix-animation-output-transform">
        <float_array id="Hips-Matrix-animation-output-transform-array" count="1536">

0.999972 0.006729 -0.003221 -6.628212 -0.006826 0.999493 -0.031108 80.128448 0.003010 0.031130 0.999511 6.237967 0.000000 0.000000 0.000000 1.000000
0.999967 0.007705 -0.002453 -6.621015 -0.007773 0.999547 -0.029088 80.080704 0.002228 0.029107 0.999574 6.292895 0.000000 0.000000 0.000000 1.000000
0.999959 0.008972 -0.001565 -6.618703 -0.009011 0.999606 -0.026579 80.024521 0.001326 0.026592 0.999645 6.356984 0.000000 0.000000 0.000000 1.000000
0.999947 0.010293 -0.000736 -6.622447 -0.010308 0.999667 -0.023676 79.960938 0.000492 0.023682 0.999719 6.431562 0.000000 0.000000 0.000000 1.000000
0.999935 0.011386 -0.000041 -6.633401 -0.011385 0.999728 -0.020364 79.888428 -0.000190 0.020363 0.999793 6.513970 0.000000 0.000000 0.000000 1.000000
0.999928 0.012036 0.000239 -6.653861 -0.012030 0.999797 -0.016169 79.799202 -0.000434 0.016165 0.999869 6.592633 0.000000 0.000000 0.000000 1.000000
0.999929 0.011875 -0.000205 -6.688207 -0.011877 0.999875 -0.010466 79.689987 0.000081 0.010468 0.999945 6.654350 0.000000 0.000000 0.000000 1.000000
0.999943 0.010647 -0.001267 -6.743267 -0.010652 0.999936 -0.003766 79.579826 0.001227 0.003779 0.999992 6.704157 0.000000 0.000000 0.000000 1.000000
0.999958 0.008917 -0.002148 -6.824926 -0.008913 0.999959 0.001665 79.507660 0.002163 -0.001646 0.999996 6.771646 0.000000 0.000000 0.000000 1.000000
0.999969 0.007729 -0.001659 -6.930922 -0.007723 0.999964 0.003487 79.507050 0.001686 -0.003474 0.999993 6.888875 0.000000 0.000000 0.000000 1.000000
0.999972 0.007480 0.001003 -7.053204 -0.007481 0.999971 0.001261 79.586487 -0.000993 -0.001269 0.999999 7.065174 0.000000 0.000000 0.000000 1.000000
0.999955 0.007537 0.005752 -7.187156 -0.007515 0.999964 -0.003834 79.729622 -0.005781 0.003790 0.999976 7.284049 0.000000 0.000000 0.000000 1.000000
0.999911 0.006999 0.011385 -7.334939 -0.006878 0.999920 -0.010626 79.908905 -0.011458 0.010547 0.999879 7.515431 0.000000 0.000000 0.000000 1.000000
0.999856 0.005581 0.016022 -7.499351 -0.005283 0.999813 -0.018580 80.090256 -0.016122 0.018493 0.999699 7.731916 0.000000 0.000000 0.000000 1.000000
0.999820 0.003922 0.018571 -7.676411 -0.003414 0.999622 -0.027283 80.270256 -0.018671 0.027215 0.999455 7.928002 0.000000 0.000000 0.000000 1.000000
0.999805 0.002599 0.019577 -7.856138 -0.001890 0.999345 -0.036146 80.427444 -0.019659 0.036102 0.999155 8.118893 0.000000 0.000000 0.000000 1.000000
0.999791 0.002687 0.020248 -8.013949 -0.001778 0.998996 -0.044763 80.547592 -0.020347 0.044717 0.998792 8.318356 0.000000 0.000000 0.000000 1.000000
0.999791 0.002372 0.020283 -8.158918 -0.001293 0.998590 -0.053071 80.652672 -0.020380 0.053034 0.998385 8.549239 0.000000 0.000000 0.000000 1.000000
0.999838 0.001241 0.017982 -8.295511 -0.000144 0.998145 -0.060884 80.739029 -0.018024 0.060871 0.997983 8.818062 0.000000 0.000000 0.000000 1.000000
0.999917 -0.000020 0.012857 -8.421189 0.000888 0.997718 -0.067511 80.808815 -0.012826 0.067517 0.997636 9.126253 0.000000 0.000000 0.000000 1.000000
0.999976 -0.001027 0.006827 -8.534180 0.001517 0.997388 -0.072207 80.852631 -0.006735 0.072216 0.997366 9.461410 0.000000 0.000000 0.000000 1.000000
0.999995 -0.002538 0.001655 -8.637453 0.002654 0.997192 -0.074835 80.856125 -0.001461 0.074839 0.997195 9.794060 0.000000 0.000000 0.000000 1.000000
0.999984 -0.004981 -0.002646 -8.730093 0.004766 0.997115 -0.075750 80.817421 0.003016 0.075736 0.997123 10.079573 0.000000 0.000000 0.000000 1.000000
0.999958 -0.007426 -0.005367 -8.810616 0.007000 0.997123 -0.075479 80.766479 0.005913 0.075438 0.997133 10.280405 0.000000 0.000000 0.000000 1.000000
0.999953 -0.009193 -0.003207 -8.888247 0.008926 0.997140 -0.075051 80.745361 0.003887 0.075018 0.997175 10.380619 0.000000 0.000000 0.000000 1.000000
0.999917 -0.010698 0.007235 -8.980745 0.011218 0.997036 -0.076114 80.774803 -0.006400 0.076189 0.997073 10.391594 0.000000 0.000000 0.000000 1.000000
0.999590 -0.012389 0.025823 -9.096575 0.014419 0.996694 -0.079955 80.835587 -0.024747 0.080294 0.996464 10.353652 0.000000 0.000000 0.000000 1.000000
0.998736 -0.013834 0.048331 -9.228444 0.017975 0.996106 -0.086311 80.890106 -0.046949 0.087070 0.995095 10.328625 0.000000 0.000000 0.000000 1.000000
0.997520 -0.014292 0.068913 -9.370761 0.020680 0.995461 -0.092895 80.919495 -0.067272 0.094090 0.993288 10.370350 0.000000 0.000000 0.000000 1.000000
0.996407 -0.013740 0.083574 -9.527458 0.021756 0.995165 -0.095780 80.926888 -0.081854 0.097255 0.991888 10.489914 0.000000 0.000000 0.000000 1.000000
0.995655 -0.013413 0.092147 -9.696307 0.021832 0.995613 -0.090980 80.911835 -0.090522 0.092597 0.991580 10.649899 0.000000 0.000000 0.000000 1.000000
0.995203 -0.014647 0.096728 -9.857740 0.022156 0.996784 -0.077016 80.862015 -0.095289 0.078789 0.992327 10.788541 0.000000 0.000000 0.000000 1.000000
0.994998 -0.017251 0.098396 -9.982881 0.022967 0.998095 -0.057264 80.768524 -0.097220 0.059237 0.993498 10.856188 0.000000 0.000000 0.000000 1.000000
0.995159 -0.020230 0.096171 -10.059527 0.024145 0.998919 -0.039717 80.653122 -0.095264 0.041846 0.994572 10.850260 0.000000 0.000000 0.000000 1.000000
0.995743 -0.022619 0.089351 -10.089602 0.025573 0.999159 -0.032058 80.534889 -0.088551 0.034206 0.995484 10.813420 0.000000 0.000000 0.000000 1.000000
0.996523 -0.024515 0.079636 -10.088101 0.027374 0.999012 -0.035001 80.415138 -0.078699 0.037059 0.996209 10.785704 0.000000 0.000000 0.000000 1.000000
0.997169 -0.026440 0.070397 -10.072735 0.029412 0.998705 -0.041518 80.306427 -0.069208 0.043471 0.996655 10.759534 0.000000 0.000000 0.000000 1.000000
0.997495 -0.029133 0.064461 -10.068523 0.032029 0.998502 -0.044350 80.240921 -0.063073 0.046304 0.996934 10.685036 0.000000 0.000000 0.000000 1.000000
0.997471 -0.032898 0.063002 -10.099208 0.035681 0.998413 -0.043560 80.233231 -0.061469 0.045698 0.997062 10.531053 0.000000 0.000000 0.000000 1.000000
0.997161 -0.036360 0.065940 -10.156825 0.039354 0.998226 -0.044680 80.265465 -0.064199 0.047148 0.996823 10.334532 0.000000 0.000000 0.000000 1.000000
0.996666 -0.037850 0.072273 -10.207041 0.041547 0.997867 -0.050361 80.312439 -0.070213 0.053196 0.996113 10.164422 0.000000 0.000000 0.000000 1.000000
0.996073 -0.037728 0.080098 -10.232961 0.042414 0.997437 -0.057622 80.358200 -0.077719 0.060792 0.995120 10.052347 0.000000 0.000000 0.000000 1.000000
0.995478 -0.037326 0.087357 -10.248553 0.042936 0.997074 -0.063248 80.393448 -0.084740 0.066712 0.994167 9.987988 0.000000 0.000000 0.000000 1.000000
0.994963 -0.037190 0.093087 -10.271663 0.043544 0.996790 -0.067185 80.408524 -0.090289 0.070900 0.993389 9.960179 0.000000 0.000000 0.000000 1.000000
0.994510 -0.037725 0.097608 -10.305256 0.044577 0.996621 -0.068991 80.387657 -0.094676 0.072963 0.992831 9.962161 0.000000 0.000000 0.000000 1.000000
0.994104 -0.039440 0.101006 -10.342590 0.046212 0.996775 -0.065611 80.320511 -0.098092 0.069892 0.992720 9.961757 0.000000 0.000000 0.000000 1.000000
0.993876 -0.041965 0.102222 -10.376748 0.047919 0.997252 -0.056506 80.229584 -0.099570 0.061058 0.993155 9.917913 0.000000 0.000000 0.000000 1.000000
0.993956 -0.044077 0.100541 -10.400054 0.049103 0.997636 -0.048069 80.152000 -0.098185 0.052715 0.993771 9.845678 0.000000 0.000000 0.000000 1.000000
0.994269 -0.044886 0.097026 -10.406812 0.049723 0.997608 -0.048017 80.104248 -0.094639 0.052566 0.994123 9.815379 0.000000 0.000000 0.000000 1.000000
0.994634 -0.044889 0.093211 -10.403886 0.050231 0.997179 -0.055783 80.101730 -0.090444 0.060166 0.994082 9.855094 0.000000 0.000000 0.000000 1.000000
0.994955 -0.045663 0.089333 -10.405588 0.051471 0.996632 -0.063834 80.161484 -0.086118 0.068110 0.993954 9.901170 0.000000 0.000000 0.000000 1.000000
0.995206 -0.048603 0.084869 -10.427542 0.054500 0.996155 -0.068597 80.295349 -0.081209 0.072893 0.994028 9.884191 0.000000 0.000000 0.000000 1.000000
0.995422 -0.052966 0.079557 -10.461820 0.058877 0.995527 -0.073894 80.470085 -0.075287 0.078239 0.994088 9.815603 0.000000 0.000000 0.000000 1.000000
0.995689 -0.056956 0.073210 -10.485941 0.063013 0.994532 -0.083278 80.648483 -0.068066 0.087532 0.993834 9.758151 0.000000 0.000000 0.000000 1.000000
0.996056 -0.059645 0.065683 -10.487407 0.065732 0.993326 -0.094773 80.811699 -0.059592 0.098717 0.993330 9.750317 0.000000 0.000000 0.000000 1.000000
0.996446 -0.061223 0.057854 -10.478023 0.067015 0.992302 -0.104144 80.943436 -0.051033 0.107651 0.992878 9.783435 0.000000 0.000000 0.000000 1.000000
0.996743 -0.061997 0.051572 -10.479831 0.067349 0.991703 -0.109498 81.026794 -0.044356 0.112614 0.992648 9.833521 0.000000 0.000000 0.000000 1.000000
0.996893 -0.062586 0.047826 -10.501301 0.067574 0.991518 -0.111017 81.047745 -0.040472 0.113904 0.992667 9.877604 0.000000 0.000000 0.000000 1.000000
0.996949 -0.063352 0.045592 -10.532177 0.067992 0.991748 -0.108690 81.014496 -0.038330 0.111458 0.993030 9.886917 0.000000 0.000000 0.000000 1.000000
0.997035 -0.063696 0.043164 -10.562291 0.067847 0.992395 -0.102711 80.957573 -0.036294 0.105335 0.993774 9.835651 0.000000 0.000000 0.000000 1.000000
0.997199 -0.063028 0.040258 -10.594393 0.066618 0.993233 -0.095131 80.903290 -0.033989 0.097546 0.994650 9.727859 0.000000 0.000000 0.000000 1.000000
0.997379 -0.061644 0.037871 -10.633395 0.064813 0.993912 -0.089101 80.865891 -0.032148 0.091322 0.995302 9.597075 0.000000 0.000000 0.000000 1.000000
0.997514 -0.060362 0.036376 -10.671520 0.063313 0.994250 -0.086357 80.846466 -0.030954 0.088445 0.995600 9.469377 0.000000 0.000000 0.000000 1.000000
0.997633 -0.059297 0.034824 -10.691504 0.062112 0.994336 -0.086239 80.842758 -0.029514 0.088198 0.995666 9.343484 0.000000 0.000000 0.000000 1.000000
0.997781 -0.058216 0.032324 -10.685897 0.060831 0.994359 -0.086889 80.844887 -0.027084 0.088662 0.995693 9.202870 0.000000 0.000000 0.000000 1.000000
0.997939 -0.057072 0.029319 -10.660789 0.059425 0.994443 -0.086900 80.844780 -0.024196 0.088463 0.995785 9.038954 0.000000 0.000000 0.000000 1.000000
0.998064 -0.056043 0.026978 -10.623223 0.058173 0.994596 -0.085993 80.837791 -0.022013 0.087395 0.995930 8.859072 0.000000 0.000000 0.000000 1.000000
0.998148 -0.055102 0.025770 -10.572104 0.057100 0.994779 -0.084583 80.821518 -0.020975 0.085898 0.996083 8.678355 0.000000 0.000000 0.000000 1.000000
0.998224 -0.053989 0.025161 -10.504506 0.055910 0.994964 -0.083190 80.795929 -0.020542 0.084449 0.996216 8.507954 0.000000 0.000000 0.000000 1.000000
0.998326 -0.052493 0.024268 -10.422212 0.054320 0.995147 -0.082051 80.764473 -0.019843 0.083232 0.996333 8.349718 0.000000 0.000000 0.000000 1.000000
0.998469 -0.050602 0.022336 -10.329421 0.052255 0.995345 -0.080976 80.734261 -0.018134 0.082019 0.996466 8.201244 0.000000 0.000000 0.000000 1.000000
0.998637 -0.048585 0.019045 -10.232627 0.049955 0.995572 -0.079625 80.708969 -0.015092 0.080468 0.996643 8.064653 0.000000 0.000000 0.000000 1.000000
0.998802 -0.046692 0.014647 -10.137718 0.047695 0.995818 -0.077927 80.682022 -0.010947 0.078533 0.996851 7.943925 0.000000 0.000000 0.000000 1.000000
0.998964 -0.044489 0.009553 -10.045226 0.045089 0.996075 -0.076171 80.640472 -0.006127 0.076523 0.997049 7.838159 0.000000 0.000000 0.000000 1.000000
0.999148 -0.041042 0.004330 -9.947343 0.041251 0.996350 -0.074739 80.577248 -0.001247 0.074854 0.997194 7.744293 0.000000 0.000000 0.000000 1.000000
0.999356 -0.035876 0.000098 -9.835477 0.035786 0.996649 -0.073556 80.498634 0.002541 0.073512 0.997291 7.666358 0.000000 0.000000 0.000000 1.000000
0.999558 -0.029649 -0.002199 -9.706915 0.029413 0.996964 -0.072096 80.421333 0.004330 0.072000 0.997395 7.611814 0.000000 0.000000 0.000000 1.000000
0.999712 -0.023794 -0.002996 -9.563385 0.023525 0.997258 -0.070163 80.361000 0.004657 0.070072 0.997531 7.578593 0.000000 0.000000 0.000000 1.000000
0.999804 -0.019427 -0.003724 -9.406864 0.019129 0.997502 -0.067996 80.322632 0.005035 0.067912 0.997679 7.554041 0.000000 0.000000 0.000000 1.000000
0.999848 -0.016633 -0.005322 -9.238418 0.016248 0.997710 -0.065663 80.299232 0.006402 0.065566 0.997828 7.526482 0.000000 0.000000 0.000000 1.000000
0.999863 -0.014739 -0.007572 -9.056304 0.014234 0.997919 -0.062893 80.277908 0.008483 0.062777 0.997992 7.490758 0.000000 0.000000 0.000000 1.000000
0.999871 -0.012799 -0.009697 -8.855479 0.012200 0.998152 -0.059525 80.243217 0.010441 0.059399 0.998180 7.444104 0.000000 0.000000 0.000000 1.000000
0.999880 -0.010618 -0.011264 -8.638601 0.009973 0.998391 -0.055829 80.194061 0.011838 0.055710 0.998377 7.385110 0.000000 0.000000 0.000000 1.000000
0.999895 -0.007854 -0.012209 -8.411975 0.007206 0.998607 -0.052279 80.127945 0.012603 0.052186 0.998558 7.311494 0.000000 0.000000 0.000000 1.000000
0.999909 -0.005590 -0.012268 -8.194313 0.004982 0.998785 -0.049035 80.071304 0.012527 0.048969 0.998722 7.226921 0.000000 0.000000 0.000000 1.000000
0.999931 -0.004202 -0.010976 -7.992280 0.003694 0.998938 -0.045934 80.032837 0.011157 0.045891 0.998884 7.134017 0.000000 0.000000 0.000000 1.000000
0.999957 -0.003532 -0.008532 -7.807853 0.003162 0.999069 -0.043024 80.020142 0.008676 0.042995 0.999038 7.037198 0.000000 0.000000 0.000000 1.000000
0.999976 -0.003190 -0.006112 -7.638335 0.002939 0.999169 -0.040643 80.026901 0.006237 0.040625 0.999155 6.942904 0.000000 0.000000 0.000000 1.000000
0.999985 -0.002577 -0.004923 -7.481624 0.002383 0.999238 -0.038946 80.041824 0.005020 0.038933 0.999229 6.853492 0.000000 0.000000 0.000000 1.000000
0.999986 -0.001341 -0.005171 -7.337335 0.001146 0.999290 -0.037655 80.055603 0.005218 0.037649 0.999277 6.765230 0.000000 0.000000 0.000000 1.000000
0.999981 0.000428 -0.006146 -7.204870 -0.000651 0.999337 -0.036407 80.066414 0.006126 0.036410 0.999318 6.673556 0.000000 0.000000 0.000000 1.000000
0.999973 0.002423 -0.006985 -7.080763 -0.002667 0.999379 -0.035127 80.077820 0.006896 0.035144 0.999358 6.578539 0.000000 0.000000 0.000000 1.000000
0.999965 0.004217 -0.007175 -6.960984 -0.004459 0.999412 -0.034011 80.093590 0.007027 0.034042 0.999396 6.484771 0.000000 0.000000 0.000000 1.000000
0.999964 0.005494 -0.006514 -6.845585 -0.005707 0.999434 -0.033158 80.111359 0.006328 0.033194 0.999429 6.395913 0.000000 0.000000 0.000000 1.000000
0.999968 0.006210 -0.005045 -6.734875 -0.006369 0.999457 -0.032325 80.123878 0.004842 0.032357 0.999465 6.313540 0.000000 0.000000 0.000000 1.000000
0.999972 0.006729 -0.003221 -6.628216 -0.006826 0.999493 -0.031108 80.128448 0.003010 0.031130 0.999511 6.237969 0.000000 0.000000 0.000000 1.000000</float_array>
        <technique_common>
          <accessor source="#Hips-Matrix-animation-output-transform-array" count="96" stride="16">
            <param type="float4x4"/>
          </accessor>
        </technique_common>
      </source>
      <source id="Hips-Interpolations">
        <Name_array id="Hips-Interpolations-array" count="96">
 LINEAR LINEAR LINEAR LINEAR LINEAR LINEAR LINEAR LINEAR LINEAR LINEAR LINEAR
LINEAR LINEAR LINEAR LINEAR LINEAR LINEAR LINEAR LINEAR LINEAR LINEAR LINEAR LINEAR
LINEAR LINEAR LINEAR LINEAR LINEAR LINEAR LINEAR LINEAR LINEAR LINEAR LINEAR LINEAR
LINEAR LINEAR LINEAR LINEAR LINEAR LINEAR LINEAR LINEAR LINEAR LINEAR LINEAR LINEAR
LINEAR LINEAR LINEAR LINEAR LINEAR LINEAR LINEAR LINEAR LINEAR LINEAR LINEAR LINEAR
LINEAR LINEAR LINEAR LINEAR LINEAR LINEAR LINEAR LINEAR LINEAR LINEAR LINEAR LINEAR
LINEAR LINEAR LINEAR LINEAR LINEAR LINEAR LINEAR LINEAR LINEAR LINEAR LINEAR LINEAR
LINEAR LINEAR LINEAR LINEAR LINEAR LINEAR LINEAR LINEAR LINEAR LINEAR LINEAR LINEAR
LINEAR</Name_array>
        <technique_common>
          <accessor source="#Hips-Interpolations-array" count="96">
            <param type="name"/>
          </accessor>
        </technique_common>
      </source>
      <sampler id="Hips-Matrix-animation-transform">
        <input semantic="INPUT" source="#Hips-Matrix-animation-input"/>
        <input semantic="OUTPUT" source="#Hips-Matrix-animation-output-transform"/>
        <input semantic="INTERPOLATION" source="#Hips-Interpolations"/>
      </sampler>
      <channel source="#Hips-Matrix-animation-transform" target="Hips/matrix"/>
    </animation>
    <animation id="Spine-anim" name="Spine">
      <source id="Spine-Matrix-animation-input">
        <float_array id="Spine-Matrix-animation-input-array" count="96">

0.000000 0.033333 0.066667 0.100000 0.133333 0.166667 0.200000 0.233333 0.266667 0.300000 0.333333 0.366667 0.400000 0.433333 0.466667 0.500000
0.533333 0.566667 0.600000 0.633333 0.666667 0.700000 0.733333 0.766667 0.800000 0.833333 0.866667 0.900000 0.933333 0.966667 1.000000 1.033333
1.066667 1.100000 1.133333 1.166667 1.200000 1.233333 1.266667 1.300000 1.333333 1.366667 1.400000 1.433333 1.466667 1.500000 1.533333 1.566667
1.600000 1.633333 1.666667 1.700000 1.733333 1.766667 1.800000 1.833333 1.866667 1.900000 1.933333 1.966667 2.000000 2.033333 2.066667 2.100000
2.133333 2.166667 2.200000 2.233333 2.266667 2.300000 2.333333 2.366667 2.400000 2.433333 2.466667 2.500000 2.533333 2.566667 2.600000 2.633333
2.666667 2.700000 2.733333 2.766667 2.800000 2.833333 2.866667 2.900000 2.933333 2.966667 3.000000 3.033333 3.066667 3.100000 3.133333 3.166667</float_array>
        <technique_common>
          <accessor source="#Spine-Matrix-animation-input-array" count="96">
            <param name="TIME" type="float"/>
          </accessor>
        </technique_common>
      </source>
      <source id="Spine-Matrix-animation-output-transform">
        <float_array id="Spine-Matrix-animation-output-transform-array" count="1536">

0.999988 -0.003744 0.003238 0.009000 0.003744 0.999993 -0.000073 7.062600 -0.003237 0.000085 0.999995 -0.984700 0.000000 0.000000 0.000000 1.000000
0.999988 -0.003786 0.003252 0.009000 0.003786 0.999993 0.000121 7.062600 -0.003252 -0.000108 0.999995 -0.984700 0.000000 0.000000 0.000000 1.000000
0.999987 -0.003949 0.003296 0.009000 0.003948 0.999992 0.000369 7.062600 -0.003298 -0.000356 0.999994 -0.984700 0.000000 0.000000 0.000000 1.000000
0.999986 -0.004189 0.003320 0.009000 0.004186 0.999991 0.000615 7.062600 -0.003322 -0.000601 0.999994 -0.984700 0.000000 0.000000 0.000000 1.000000
0.999985 -0.004352 0.003273 0.009000 0.004350 0.999990 0.000655 7.062600 -0.003275 -0.000641 0.999994 -0.984700 0.000000 0.000000 0.000000 1.000000
0.999986 -0.004146 0.003215 0.009000 0.004145 0.999991 0.000262 7.062600 -0.003216 -0.000248 0.999995 -0.984700 0.000000 0.000000 0.000000 1.000000
0.999989 -0.003277 0.003357 0.009000 0.003279 0.999995 -0.000457 7.062600 -0.003355 0.000468 0.999994 -0.984700 0.000000 0.000000 0.000000 1.000000
0.999991 -0.001758 0.003872 0.009000 0.001761 0.999998 -0.000816 7.062600 -0.003871 0.000823 0.999992 -0.984700 0.000000 0.000000 0.000000 1.000000
0.999989 -0.000052 0.004636 0.009000 0.000052 1.000000 0.000135 7.062600 -0.004636 -0.000134 0.999989 -0.984700 0.000000 0.000000 0.000000 1.000000
0.999985 0.001287 0.005239 0.009000 -0.001302 0.999995 0.002871 7.062600 -0.005235 -0.002878 0.999982 -0.984700 0.000000 0.000000 0.000000 1.000000
0.999984 0.002124 0.005252 0.009000 -0.002161 0.999974 0.006911 7.062600 -0.005237 -0.006922 0.999962 -0.984700 0.000000 0.000000 0.000000 1.000000
0.999986 0.002791 0.004457 0.009000 -0.002840 0.999934 0.011106 7.062600 -0.004426 -0.011119 0.999928 -0.984700 0.000000 0.000000 0.000000 1.000000
0.999989 0.003694 0.002987 0.009000 -0.003736 0.999889 0.014420 7.062600 -0.002933 -0.014431 0.999892 -0.984700 0.000000 0.000000 0.000000 1.000000
0.999987 0.004976 0.001377 0.009000 -0.004998 0.999852 0.016479 7.062600 -0.001295 -0.016486 0.999863 -0.984700 0.000000 0.000000 0.000000 1.000000
0.999980 0.006341 0.000217 0.009000 -0.006344 0.999827 0.017503 7.062600 -0.000106 -0.017504 0.999847 -0.984700 0.000000 0.000000 0.000000 1.000000
0.999970 0.007692 -0.000282 0.009000 -0.007686 0.999808 0.018036 7.062600 0.000420 -0.018033 0.999837 -0.984700 0.000000 0.000000 0.000000 1.000000
0.999969 0.007916 -0.000485 0.009000 -0.007905 0.999794 0.018705 7.062600 0.000633 -0.018700 0.999825 -0.984700 0.000000 0.000000 0.000000 1.000000
0.999968 0.007943 -0.000620 0.009000 -0.007929 0.999769 0.019985 7.062600 0.000779 -0.019979 0.999800 -0.984700 0.000000 0.000000 0.000000 1.000000
0.999970 0.007777 -0.000540 0.009000 -0.007763 0.999728 0.022000 7.062600 0.000710 -0.021995 0.999758 -0.984700 0.000000 0.000000 0.000000 1.000000
0.999973 0.007328 -0.000009 0.009000 -0.007326 0.999673 0.024481 7.062600 0.000188 -0.024481 0.999700 -0.984700 0.000000 0.000000 0.000000 1.000000
0.999978 0.006606 0.000813 0.009000 -0.006626 0.999614 0.026980 7.062600 -0.000634 -0.026984 0.999636 -0.984700 0.000000 0.000000 0.000000 1.000000
0.999982 0.005798 0.001671 0.009000 -0.005845 0.999559 0.029114 7.062600 -0.001501 -0.029123 0.999575 -0.984700 0.000000 0.000000 0.000000 1.000000
0.999983 0.005131 0.002761 0.009000 -0.005213 0.999518 0.030619 7.062600 -0.002603 -0.030633 0.999527 -0.984700 0.000000 0.000000 0.000000 1.000000
0.999979 0.004731 0.004438 0.009000 -0.004867 0.999499 0.031281 7.062600 -0.004288 -0.031302 0.999501 -0.984700 0.000000 0.000000 0.000000 1.000000
0.999968 0.004761 0.006411 0.009000 -0.004958 0.999506 0.031044 7.062600 -0.006260 -0.031075 0.999497 -0.984700 0.000000 0.000000 0.000000 1.000000
0.999955 0.005400 0.007745 0.009000 -0.005632 0.999528 0.030205 7.062600 -0.007578 -0.030247 0.999514 -0.984700 0.000000 0.000000 0.000000 1.000000
0.999947 0.006642 0.007848 0.009000 -0.006871 0.999542 0.029455 7.062600 -0.007649 -0.029507 0.999535 -0.984700 0.000000 0.000000 0.000000 1.000000
0.999941 0.008207 0.007149 0.009000 -0.008415 0.999528 0.029558 7.062600 -0.006903 -0.029616 0.999538 -0.984700 0.000000 0.000000 0.000000 1.000000
0.999931 0.009673 0.006593 0.009000 -0.009872 0.999477 0.030806 7.062600 -0.006291 -0.030869 0.999504 -0.984700 0.000000 0.000000 0.000000 1.000000
0.999919 0.010931 0.006548 0.009000 -0.011139 0.999406 0.032599 7.062600 -0.006187 -0.032670 0.999447 -0.984700 0.000000 0.000000 0.000000 1.000000
0.999905 0.012163 0.006430 0.009000 -0.012374 0.999355 0.033706 7.062600 -0.006016 -0.033782 0.999411 -0.984700 0.000000 0.000000 0.000000 1.000000
0.999896 0.013343 0.005559 0.009000 -0.013520 0.999357 0.033195 7.062600 -0.005113 -0.033267 0.999433 -0.984700 0.000000 0.000000 0.000000 1.000000
0.999891 0.014148 0.004170 0.009000 -0.014272 0.999408 0.031309 7.062600 -0.003725 -0.031365 0.999501 -0.984700 0.000000 0.000000 0.000000 1.000000
0.999892 0.014356 0.003196 0.009000 -0.014444 0.999463 0.029413 7.062600 -0.002772 -0.029456 0.999562 -0.984700 0.000000 0.000000 0.000000 1.000000
0.999900 0.013803 0.003077 0.009000 -0.013887 0.999485 0.028930 7.062600 -0.002676 -0.028970 0.999577 -0.984700 0.000000 0.000000 0.000000 1.000000
0.999911 0.012904 0.003325 0.009000 -0.012999 0.999463 0.030064 7.062600 -0.002935 -0.030105 0.999542 -0.984700 0.000000 0.000000 0.000000 1.000000
0.999920 0.012214 0.003198 0.009000 -0.012309 0.999426 0.031572 7.062600 -0.002810 -0.031608 0.999496 -0.984700 0.000000 0.000000 0.000000 1.000000
0.999922 0.012201 0.002530 0.009000 -0.012275 0.999414 0.031941 7.062600 -0.002138 -0.031969 0.999487 -0.984700 0.000000 0.000000 0.000000 1.000000
0.999914 0.012970 0.001802 0.009000 -0.013020 0.999441 0.030801 7.062600 -0.001401 -0.030821 0.999524 -0.984700 0.000000 0.000000 0.000000 1.000000
0.999901 0.013993 0.001532 0.009000 -0.014031 0.999482 0.028946 7.062600 -0.001126 -0.028965 0.999580 -0.984700 0.000000 0.000000 0.000000 1.000000
0.999893 0.014545 0.001806 0.009000 -0.014588 0.999523 0.027237 7.062600 -0.001409 -0.027260 0.999627 -0.984700 0.000000 0.000000 0.000000 1.000000
0.999892 0.014485 0.002404 0.009000 -0.014543 0.999556 0.025987 7.062600 -0.002026 -0.026020 0.999659 -0.984700 0.000000 0.000000 0.000000 1.000000
0.999894 0.014231 0.003098 0.009000 -0.014305 0.999576 0.025345 7.062600 -0.002736 -0.025387 0.999674 -0.984700 0.000000 0.000000 0.000000 1.000000
0.999893 0.014161 0.003632 0.009000 -0.014249 0.999574 0.025466 7.062600 -0.003270 -0.025515 0.999669 -0.984700 0.000000 0.000000 0.000000 1.000000
0.999890 0.014356 0.003614 0.009000 -0.014445 0.999558 0.025975 7.062600 -0.003240 -0.026024 0.999656 -0.984700 0.000000 0.000000 0.000000 1.000000
0.999888 0.014685 0.002857 0.009000 -0.014754 0.999555 0.025918 7.062600 -0.002475 -0.025957 0.999660 -0.984700 0.000000 0.000000 0.000000 1.000000
0.999887 0.014903 0.001795 0.009000 -0.014943 0.999578 0.024891 7.062600 -0.001423 -0.024915 0.999689 -0.984700 0.000000 0.000000 0.000000 1.000000
0.999890 0.014771 0.001155 0.009000 -0.014794 0.999606 0.023841 7.062600 -0.000802 -0.023855 0.999715 -0.984700 0.000000 0.000000 0.000000 1.000000
0.999898 0.014235 0.001185 0.009000 -0.014259 0.999610 0.023991 7.062600 -0.000843 -0.024005 0.999711 -0.984700 0.000000 0.000000 0.000000 1.000000
0.999908 0.013501 0.001514 0.009000 -0.013534 0.999593 0.025122 7.062600 -0.001175 -0.025140 0.999683 -0.984700 0.000000 0.000000 0.000000 1.000000
0.999915 0.012892 0.001673 0.009000 -0.012931 0.999585 0.025752 7.062600 -0.001341 -0.025772 0.999667 -0.984700 0.000000 0.000000 0.000000 1.000000
0.999919 0.012631 0.001494 0.009000 -0.012665 0.999606 0.025057 7.062600 -0.001177 -0.025074 0.999685 -0.984700 0.000000 0.000000 0.000000 1.000000
0.999920 0.012569 0.001154 0.009000 -0.012593 0.999637 0.023820 7.062600 -0.000854 -0.023833 0.999716 -0.984700 0.000000 0.000000 0.000000 1.000000
0.999923 0.012367 0.001072 0.009000 -0.012389 0.999653 0.023244 7.062600 -0.000784 -0.023255 0.999729 -0.984700 0.000000 0.000000 0.000000 1.000000
0.999928 0.011896 0.001671 0.009000 -0.011932 0.999651 0.023571 7.062600 -0.001390 -0.023589 0.999721 -0.984700 0.000000 0.000000 0.000000 1.000000
0.999929 0.011523 0.003008 0.009000 -0.011593 0.999639 0.024237 7.062600 -0.002728 -0.024270 0.999702 -0.984700 0.000000 0.000000 0.000000 1.000000
0.999922 0.011614 0.004585 0.009000 -0.011724 0.999623 0.024820 7.062600 -0.004296 -0.024872 0.999681 -0.984700 0.000000 0.000000 0.000000 1.000000
0.999910 0.012178 0.005647 0.009000 -0.012317 0.999605 0.025245 7.062600 -0.005337 -0.025312 0.999665 -0.984700 0.000000 0.000000 0.000000 1.000000
0.999901 0.012857 0.005791 0.009000 -0.013000 0.999596 0.025293 7.062600 -0.005463 -0.025366 0.999663 -0.984700 0.000000 0.000000 0.000000 1.000000
0.999899 0.013223 0.005273 0.009000 -0.013349 0.999610 0.024521 7.062600 -0.004946 -0.024589 0.999685 -0.984700 0.000000 0.000000 0.000000 1.000000
0.999902 0.013188 0.004629 0.009000 -0.013291 0.999651 0.022851 7.062600 -0.004326 -0.022911 0.999728 -0.984700 0.000000 0.000000 0.000000 1.000000
0.999907 0.012953 0.004156 0.009000 -0.013037 0.999697 0.020901 7.062600 -0.003884 -0.020953 0.999773 -0.984700 0.000000 0.000000 0.000000 1.000000
0.999911 0.012754 0.003902 0.009000 -0.012828 0.999728 0.019472 7.062600 -0.003652 -0.019520 0.999803 -0.984700 0.000000 0.000000 0.000000 1.000000
0.999913 0.012566 0.003952 0.009000 -0.012639 0.999742 0.018863 7.062600 -0.003714 -0.018911 0.999814 -0.984700 0.000000 0.000000 0.000000 1.000000
0.999914 0.012313 0.004428 0.009000 -0.012394 0.999747 0.018777 7.062600 -0.004196 -0.018830 0.999814 -0.984700 0.000000 0.000000 0.000000 1.000000
0.999915 0.011945 0.005196 0.009000 -0.012041 0.999751 0.018781 7.062600 -0.004971 -0.018842 0.999810 -0.984700 0.000000 0.000000 0.000000 1.000000
0.999917 0.011454 0.005818 0.009000 -0.011561 0.999759 0.018688 7.062600 -0.005603 -0.018754 0.999808 -0.984700 0.000000 0.000000 0.000000 1.000000
0.999924 0.010828 0.005924 0.009000 -0.010936 0.999768 0.018556 7.062600 -0.005722 -0.018619 0.999810 -0.984700 0.000000 0.000000 0.000000 1.000000
0.999934 0.010027 0.005542 0.009000 -0.010128 0.999778 0.018472 7.062600 -0.005356 -0.018527 0.999814 -0.984700 0.000000 0.000000 0.000000 1.000000
0.999947 0.009008 0.004987 0.009000 -0.009099 0.999788 0.018446 7.062600 -0.004820 -0.018490 0.999817 -0.984700 0.000000 0.000000 0.000000 1.000000
0.999960 0.007778 0.004476 0.009000 -0.007860 0.999799 0.018442 7.062600 -0.004332 -0.018476 0.999820 -0.984700 0.000000 0.000000 0.000000 1.000000
0.999971 0.006450 0.003959 0.009000 -0.006522 0.999809 0.018403 7.062600 -0.003840 -0.018428 0.999823 -0.984700 0.000000 0.000000 0.000000 1.000000
0.999981 0.005195 0.003347 0.009000 -0.005255 0.999821 0.018193 7.062600 -0.003251 -0.018211 0.999829 -0.984700 0.000000 0.000000 0.000000 1.000000
0.999988 0.004003 0.002777 0.009000 -0.004051 0.999837 0.017609 7.062600 -0.002706 -0.017620 0.999841 -0.984700 0.000000 0.000000 0.000000 1.000000
0.999993 0.002640 0.002478 0.009000 -0.002681 0.999860 0.016518 7.062600 -0.002434 -0.016524 0.999861 -0.984700 0.000000 0.000000 0.000000 1.000000
0.999997 0.000925 0.002434 0.009000 -0.000962 0.999888 0.014954 7.062600 -0.002420 -0.014957 0.999885 -0.984700 0.000000 0.000000 0.000000 1.000000
0.999997 -0.000966 0.002407 0.009000 0.000934 0.999914 0.013076 7.062600 -0.002420 -0.013074 0.999912 -0.984700 0.000000 0.000000 0.000000 1.000000
0.999994 -0.002572 0.002275 0.009000 0.002547 0.999935 0.011085 7.062600 -0.002304 -0.011079 0.999936 -0.984700 0.000000 0.000000 0.000000 1.000000
0.999991 -0.003541 0.002170 0.009000 0.003521 0.999952 0.009172 7.062600 -0.002202 -0.009165 0.999956 -0.984700 0.000000 0.000000 0.000000 1.000000
0.999990 -0.003866 0.002267 0.009000 0.003849 0.999965 0.007449 7.062600 -0.002295 -0.007440 0.999970 -0.984700 0.000000 0.000000 0.000000 1.000000
0.999990 -0.003786 0.002582 0.009000 0.003770 0.999975 0.005940 7.062600 -0.002604 -0.005930 0.999979 -0.984700 0.000000 0.000000 0.000000 1.000000
0.999988 -0.003757 0.002994 0.009000 0.003743 0.999982 0.004628 7.062600 -0.003012 -0.004616 0.999985 -0.984700 0.000000 0.000000 0.000000 1.000000
0.999987 -0.003737 0.003383 0.009000 0.003726 0.999987 0.003503 7.062600 -0.003396 -0.003490 0.999988 -0.984700 0.000000 0.000000 0.000000 1.000000
0.999984 -0.004226 0.003646 0.009000 0.004216 0.999988 0.002583 7.062600 -0.003657 -0.002567 0.999990 -0.984700 0.000000 0.000000 0.000000 1.000000
0.999983 -0.004512 0.003688 0.009000 0.004505 0.999988 0.001861 7.062600 -0.003696 -0.001845 0.999991 -0.984700 0.000000 0.000000 0.000000 1.000000
0.999984 -0.004460 0.003418 0.009000 0.004456 0.999989 0.001296 7.062600 -0.003424 -0.001281 0.999993 -0.984700 0.000000 0.000000 0.000000 1.000000
0.999987 -0.004199 0.002913 0.009000 0.004196 0.999991 0.000852 7.062600 -0.002916 -0.000839 0.999995 -0.984700 0.000000 0.000000 0.000000 1.000000
0.999990 -0.003849 0.002450 0.009000 0.003848 0.999992 0.000520 7.062600 -0.002452 -0.000510 0.999997 -0.984700 0.000000 0.000000 0.000000 1.000000
0.999991 -0.003604 0.002324 0.009000 0.003604 0.999993 0.000289 7.062600 -0.002325 -0.000281 0.999997 -0.984700 0.000000 0.000000 0.000000 1.000000
0.999990 -0.003576 0.002593 0.009000 0.003575 0.999994 0.000120 7.062600 -0.002593 -0.000110 0.999997 -0.984700 0.000000 0.000000 0.000000 1.000000
0.999988 -0.003732 0.003064 0.009000 0.003732 0.999993 -0.000024 7.062600 -0.003064 0.000036 0.999995 -0.984700 0.000000 0.000000 0.000000 1.000000
0.999986 -0.003993 0.003495 0.009000 0.003994 0.999992 -0.000134 7.062600 -0.003494 0.000148 0.999994 -0.984700 0.000000 0.000000 0.000000 1.000000
0.999984 -0.004183 0.003727 0.009000 0.004183 0.999991 -0.000175 7.062600 -0.003726 0.000191 0.999993 -0.984700 0.000000 0.000000 0.000000 1.000000
0.999984 -0.004218 0.003727 0.009000 0.004218 0.999991 -0.000144 7.062600 -0.003726 0.000160 0.999993 -0.984700 0.000000 0.000000 0.000000 1.000000
0.999986 -0.004049 0.003536 0.009000 0.004049 0.999992 -0.000089 7.062600 -0.003536 0.000103 0.999994 -0.984700 0.000000 0.000000 0.000000 1.000000
0.999988 -0.003743 0.003238 0.009000 0.003744 0.999993 -0.000073 7.062600 -0.003237 0.000085 0.999995 -0.984700 0.000000 0.000000 0.000000 1.000000</float_array>
        <technique_common>
          <accessor source="#Spine-Matrix-animation-output-transform-array" count="96" stride="16">
            <param type="float4x4"/>
          </accessor>
        </technique_common>
      </source>
      <source id="Spine-Interpolations">
        <Name_array id="Spine-Interpolations-array" count="96">
 LINEAR LINEAR LINEAR LINEAR LINEAR LINEAR LINEAR LINEAR LINEAR LINEAR LINEAR
LINEAR LINEAR LINEAR LINEAR LINEAR LINEAR LINEAR LINEAR LINEAR LINEAR LINEAR LINEAR
LINEAR LINEAR LINEAR LINEAR LINEAR LINEAR LINEAR LINEAR LINEAR LINEAR LINEAR LINEAR
LINEAR LINEAR LINEAR LINEAR LINEAR LINEAR LINEAR LINEAR LINEAR LINEAR LINEAR LINEAR
LINEAR LINEAR LINEAR LINEAR LINEAR LINEAR LINEAR LINEAR LINEAR LINEAR LINEAR LINEAR
LINEAR LINEAR LINEAR LINEAR LINEAR LINEAR LINEAR LINEAR LINEAR LINEAR LINEAR LINEAR
LINEAR LINEAR LINEAR LINEAR LINEAR LINEAR LINEAR LINEAR LINEAR LINEAR LINEAR LINEAR
LINEAR LINEAR LINEAR LINEAR LINEAR LINEAR LINEAR LINEAR LINEAR LINEAR LINEAR LINEAR
LINEAR</Name_array>
        <technique_common>
          <accessor source="#Spine-Interpolations-array" count="96">
            <param type="name"/>
          </accessor>
        </technique_common>
      </source>
      <sampler id="Spine-Matrix-animation-transform">
        <input semantic="INPUT" source="#Spine-Matrix-animation-input"/>
        <input semantic="OUTPUT" source="#Spine-Matrix-animation-output-transform"/>
        <input semantic="INTERPOLATION" source="#Spine-Interpolations"/>
      </sampler>
      <channel source="#Spine-Matrix-animation-transform" target="Spine/matrix"/>
    </animation>
    <animation id="Spine1-anim" name="Spine1">
      <source id="Spine1-Matrix-animation-input">
        <float_array id="Spine1-Matrix-animation-input-array" count="96">

0.000000 0.033333 0.066667 0.100000 0.133333 0.166667 0.200000 0.233333 0.266667 0.300000 0.333333 0.366667 0.400000 0.433333 0.466667 0.500000
0.533333 0.566667 0.600000 0.633333 0.666667 0.700000 0.733333 0.766667 0.800000 0.833333 0.866667 0.900000 0.933333 0.966667 1.000000 1.033333
1.066667 1.100000 1.133333 1.166667 1.200000 1.233333 1.266667 1.300000 1.333333 1.366667 1.400000 1.433333 1.466667 1.500000 1.533333 1.566667
1.600000 1.633333 1.666667 1.700000 1.733333 1.766667 1.800000 1.833333 1.866667 1.900000 1.933333 1.966667 2.000000 2.033333 2.066667 2.100000
2.133333 2.166667 2.200000 2.233333 2.266667 2.300000 2.333333 2.366667 2.400000 2.433333 2.466667 2.500000 2.533333 2.566667 2.600000 2.633333
2.666667 2.700000 2.733333 2.766667 2.800000 2.833333 2.866667 2.900000 2.933333 2.966667 3.000000 3.033333 3.066667 3.100000 3.133333 3.166667</float_array>
        <technique_common>
          <accessor source="#Spine1-Matrix-animation-input-array" count="96">
            <param name="TIME" type="float"/>
          </accessor>
        </technique_common>
      </source>
      <source id="Spine1-Matrix-animation-output-transform">
        <float_array id="Spine1-Matrix-animation-output-transform-array" count="1536">

0.999938 -0.008980 0.006645 0.012400 0.008981 0.999960 -0.000126 8.239700 -0.006644 0.000186 0.999978 -1.148800 0.000000 0.000000 0.000000 1.000000
0.999940 -0.008739 0.006671 0.012400 0.008737 0.999962 0.000260 8.239700 -0.006673 -0.000201 0.999978 -1.148800 0.000000 0.000000 0.000000 1.000000
0.999940 -0.008655 0.006761 0.012400 0.008650 0.999962 0.000755 8.239700 -0.006767 -0.000696 0.999977 -1.148800 0.000000 0.000000 0.000000 1.000000
0.999939 -0.008715 0.006811 0.012400 0.008707 0.999961 0.001246 8.239700 -0.006822 -0.001186 0.999976 -1.148800 0.000000 0.000000 0.000000 1.000000
0.999939 -0.008714 0.006725 0.012400 0.008705 0.999961 0.001325 8.239700 -0.006736 -0.001267 0.999977 -1.148800 0.000000 0.000000 0.000000 1.000000
0.999945 -0.008143 0.006620 0.012400 0.008140 0.999967 0.000536 8.239700 -0.006624 -0.000483 0.999978 -1.148800 0.000000 0.000000 0.000000 1.000000
0.999955 -0.006523 0.006911 0.012400 0.006529 0.999978 -0.000902 8.239700 -0.006905 0.000947 0.999976 -1.148800 0.000000 0.000000 0.000000 1.000000
0.999961 -0.003953 0.007933 0.012400 0.003966 0.999991 -0.001622 8.239700 -0.007927 0.001653 0.999967 -1.148800 0.000000 0.000000 0.000000 1.000000
0.999955 -0.001204 0.009432 0.012400 0.001201 0.999999 0.000277 8.239700 -0.009432 -0.000266 0.999955 -1.148800 0.000000 0.000000 0.000000 1.000000
0.999943 0.000920 0.010605 0.012400 -0.000981 0.999983 0.005748 8.239700 -0.010599 -0.005758 0.999927 -1.148800 0.000000 0.000000 0.000000 1.000000
0.999941 0.002278 0.010605 0.012400 -0.002425 0.999901 0.013825 8.239700 -0.010572 -0.013850 0.999848 -1.148800 0.000000 0.000000 0.000000 1.000000
0.999954 0.003343 0.008991 0.012400 -0.003542 0.999747 0.022213 8.239700 -0.008914 -0.022244 0.999713 -1.148800 0.000000 0.000000 0.000000 1.000000
0.999971 0.004596 0.006014 0.012400 -0.004767 0.999573 0.028838 8.239700 -0.005879 -0.028866 0.999566 -1.148800 0.000000 0.000000 0.000000 1.000000
0.999978 0.006128 0.002712 0.012400 -0.006214 0.999438 0.032954 8.239700 -0.002509 -0.032970 0.999453 -1.148800 0.000000 0.000000 0.000000 1.000000
0.999970 0.007724 0.000322 0.012400 -0.007731 0.999357 0.035002 8.239700 -0.000052 -0.035003 0.999387 -1.148800 0.000000 0.000000 0.000000 1.000000
0.999958 0.009131 -0.000731 0.012400 -0.009099 0.999308 0.036066 8.239700 0.001060 -0.036058 0.999349 -1.148800 0.000000 0.000000 0.000000 1.000000
0.999948 0.010155 -0.001076 0.012400 -0.010107 0.999249 0.037402 8.239700 0.001455 -0.037389 0.999300 -1.148800 0.000000 0.000000 0.000000 1.000000
0.999942 0.010728 -0.001301 0.012400 -0.010668 0.999144 0.039962 8.239700 0.001729 -0.039946 0.999200 -1.148800 0.000000 0.000000 0.000000 1.000000
0.999942 0.010737 -0.001114 0.012400 -0.010677 0.998975 0.043990 8.239700 0.001585 -0.043975 0.999031 -1.148800 0.000000 0.000000 0.000000 1.000000
0.999949 0.010116 -0.000044 0.012400 -0.010102 0.998750 0.048948 8.239700 0.000539 -0.048945 0.998801 -1.148800 0.000000 0.000000 0.000000 1.000000
0.999959 0.008890 0.001587 0.012400 -0.008962 0.998504 0.053939 8.239700 -0.001105 -0.053951 0.998543 -1.148800 0.000000 0.000000 0.000000 1.000000
0.999969 0.007141 0.003262 0.012400 -0.007319 0.998278 0.058205 8.239700 -0.002841 -0.058227 0.998299 -1.148800 0.000000 0.000000 0.000000 1.000000
0.999972 0.005188 0.005374 0.012400 -0.005507 0.998109 0.061215 8.239700 -0.005046 -0.061243 0.998110 -1.148800 0.000000 0.000000 0.000000 1.000000
